=============================
rond
---------------------------
9.279925;9.279925;9.279925;9.279925;9.279925;9.279925;9.279925;9.279925;9.279925;9.279925;9.279925;9.279925;9.279925;9.279925;9.279925;9.279925;9.279925;9.279925;9.279925;9.279925;9.279925;9.279925;9.279925;9.279925;9.279925;9.279925;9.279925;9.279925;9.279925;9.279925;9.279925;9.279925;9.279925;9.279925;9.279925;9.279925;9.279925;9.279925;9.279925;9.279925;9.279925;9.279925;9.279925;9.279925;9.279925;9.279925;9.279925;9.279925;9.279925;9.279925;9.279925;9.279925;9.279925;9.279925;9.279925;9.279925;9.279925;9.279925;9.279925;9.279925;9.279925;9.279925;9.279925;9.279925;9.279925;9.279925;9.279925;9.279925;||
0.47884035;0.47884035;0.47884035;0.47884035;0.47884035;0.47884035;0.47884035;0.47884035;0.47884035;0.47884035;0.47884035;0.47884035;0.47884035;0.47884035;0.47884035;0.47884035;0.47884035;0.47884035;0.47884035;0.47884035;0.47884035;0.47884035;0.47884035;0.47884035;0.47884035;0.47884035;0.47884035;0.47884035;0.47884035;0.47884035;0.47884035;0.47884035;0.47884035;0.47884035;0.47884035;0.47884035;0.47884035;0.47884035;0.47884035;0.47884035;0.47884035;0.47884035;0.47884035;0.47884035;0.47884035;0.47884035;0.47884035;0.47884035;0.47884035;0.47884035;0.47884035;0.47884035;0.47884035;0.47884035;0.47884035;0.47884035;0.47884035;0.47884035;0.47884035;0.47884035;0.47884035;0.47884035;0.47884035;0.47884035;0.47884035;0.47884035;0.47884035;0.47884035;||
2.0685902;2.0685902;2.0685902;2.0685902;2.0685902;2.0685902;2.0685902;2.0685902;2.0685902;2.0685902;2.0685902;2.0685902;2.0685902;2.0685902;2.0685902;2.0685902;2.0685902;2.0685902;2.0685902;2.0685902;2.0685902;2.0685902;2.0685902;2.0685902;2.0685902;2.0685902;2.0685902;2.0685902;2.0685902;2.0685902;2.0685902;2.0685902;2.0685902;2.0685902;2.0685902;2.0685902;2.0685902;2.0685902;2.0685902;2.0685902;2.0685902;2.0685902;2.0685902;2.0685902;2.0685902;2.0685902;2.0685902;2.0685902;2.0685902;2.0685902;2.0685902;2.0685902;2.0685902;2.0685902;2.0685902;2.0685902;2.0685902;2.0685902;2.0685902;2.0685902;2.0685902;2.0685902;2.0685902;2.0685902;2.0685902;2.0685902;2.0685902;2.0685902;||
---------------------------
9.279925;9.279925;9.279925;9.279925;9.279925;9.279925;9.279925;9.279925;9.279925;9.279925;9.279925;9.279925;9.279925;9.279925;9.279925;9.279925;9.279925;9.279925;9.279925;9.279925;9.279925;9.279925;9.279925;9.279925;9.279925;9.279925;9.279925;9.279925;9.279925;9.279925;9.279925;9.279925;9.279925;9.279925;9.279925;9.279925;9.279925;9.279925;9.279925;9.279925;9.279925;9.279925;9.279925;9.279925;9.279925;9.279925;9.279925;9.279925;9.279925;9.279925;9.279925;9.279925;9.279925;9.279925;9.279925;9.279925;9.279925;9.279925;9.279925;9.279925;9.279925;9.279925;9.279925;9.279925;9.279925;9.279925;9.279925;9.279925;9.279925;||
0.47884035;0.47884035;0.47884035;0.47884035;0.47884035;0.47884035;0.47884035;0.47884035;0.47884035;0.47884035;0.47884035;0.47884035;0.47884035;0.47884035;0.47884035;0.47884035;0.47884035;0.47884035;0.47884035;0.47884035;0.47884035;0.47884035;0.47884035;0.47884035;0.47884035;0.47884035;0.47884035;0.47884035;0.47884035;0.47884035;0.47884035;0.47884035;0.47884035;0.47884035;0.47884035;0.47884035;0.47884035;0.47884035;0.47884035;0.47884035;0.47884035;0.47884035;0.47884035;0.47884035;0.47884035;0.47884035;0.47884035;0.47884035;0.47884035;0.47884035;0.47884035;0.47884035;0.47884035;0.47884035;0.47884035;0.47884035;0.47884035;0.47884035;0.47884035;0.47884035;0.47884035;0.47884035;0.47884035;0.47884035;0.47884035;0.47884035;0.47884035;0.47884035;0.47884035;||
2.0685902;2.0685902;2.0685902;2.0685902;2.0685902;2.0685902;2.0685902;2.0685902;2.0685902;2.0685902;2.0685902;2.0685902;2.0685902;2.0685902;2.0685902;2.0685902;2.0685902;2.0685902;2.0685902;2.0685902;2.0685902;2.0685902;2.0685902;2.0685902;2.0685902;2.0685902;2.0685902;2.0685902;2.0685902;2.0685902;2.0685902;2.0685902;2.0685902;2.0685902;2.0685902;2.0685902;2.0685902;2.0685902;2.0685902;2.0685902;2.0685902;2.0685902;2.0685902;2.0685902;2.0685902;2.0685902;2.0685902;2.0685902;2.0685902;2.0685902;2.0685902;2.0685902;2.0685902;2.0685902;2.0685902;2.0685902;2.0685902;2.0685902;2.0685902;2.0685902;2.0685902;2.0685902;2.0685902;2.0685902;2.0685902;2.0685902;2.0685902;2.0685902;2.0685902;||
---------------------------
9.279925;9.279925;9.279925;9.279925;9.279925;9.279925;9.279925;9.279925;9.279925;9.279925;9.279925;9.279925;9.279925;9.279925;9.279925;9.279925;9.279925;9.279925;9.279925;9.279925;9.279925;9.279925;9.279925;9.279925;9.279925;9.279925;9.279925;9.279925;9.279925;9.279925;9.279925;9.279925;9.279925;9.279925;9.279925;9.279925;9.279925;9.279925;9.279925;9.279925;9.279925;9.279925;9.279925;9.279925;9.279925;9.279925;9.279925;9.279925;9.279925;9.279925;9.279925;9.279925;9.279925;9.279925;9.279925;9.279925;9.279925;9.279925;9.279925;9.279925;9.279925;9.279925;9.279925;9.279925;9.279925;9.279925;9.279925;9.279925;||
0.47884035;0.47884035;0.47884035;0.47884035;0.47884035;0.47884035;0.47884035;0.47884035;0.47884035;0.47884035;0.47884035;0.47884035;0.47884035;0.47884035;0.47884035;0.47884035;0.47884035;0.47884035;0.47884035;0.47884035;0.47884035;0.47884035;0.47884035;0.47884035;0.47884035;0.47884035;0.47884035;0.47884035;0.47884035;0.47884035;0.47884035;0.47884035;0.47884035;0.47884035;0.47884035;0.47884035;0.47884035;0.47884035;0.47884035;0.47884035;0.47884035;0.47884035;0.47884035;0.47884035;0.47884035;0.47884035;0.47884035;0.47884035;0.47884035;0.47884035;0.47884035;0.47884035;0.47884035;0.47884035;0.47884035;0.47884035;0.47884035;0.47884035;0.47884035;0.47884035;0.47884035;0.47884035;0.47884035;0.47884035;0.47884035;0.47884035;0.47884035;0.47884035;||
2.0685902;2.0685902;2.0685902;2.0685902;2.0685902;2.0685902;2.0685902;2.0685902;2.0685902;2.0685902;2.0685902;2.0685902;2.0685902;2.0685902;2.0685902;2.0685902;2.0685902;2.0685902;2.0685902;2.0685902;2.0685902;2.0685902;2.0685902;2.0685902;2.0685902;2.0685902;2.0685902;2.0685902;2.0685902;2.0685902;2.0685902;2.0685902;2.0685902;2.0685902;2.0685902;2.0685902;2.0685902;2.0685902;2.0685902;2.0685902;2.0685902;2.0685902;2.0685902;2.0685902;2.0685902;2.0685902;2.0685902;2.0685902;2.0685902;2.0685902;2.0685902;2.0685902;2.0685902;2.0685902;2.0685902;2.0685902;2.0685902;2.0685902;2.0685902;2.0685902;2.0685902;2.0685902;2.0685902;2.0685902;2.0685902;2.0685902;2.0685902;2.0685902;||
=============================
huit
---------------------------
9.595961;9.595961;9.595961;9.595961;9.595961;9.595961;9.595961;9.595961;9.595961;9.595961;9.595961;9.595961;9.595961;9.595961;9.595961;9.595961;9.595961;9.595961;9.595961;9.595961;9.595961;9.595961;9.595961;9.595961;9.595961;9.595961;9.595961;9.595961;9.595961;9.595961;9.595961;9.595961;9.595961;9.595961;9.595961;9.595961;9.595961;9.595961;9.595961;9.595961;9.595961;9.595961;9.595961;9.595961;9.595961;9.595961;9.595961;9.595961;9.595961;9.595961;9.595961;9.595961;9.595961;9.595961;9.595961;9.595961;9.595961;9.595961;9.595961;9.595961;9.595961;9.595961;9.595961;9.595961;9.595961;9.595961;9.595961;9.595961;9.595961;9.595961;9.595961;9.595961;9.595961;9.595961;9.595961;9.595961;9.595961;9.595961;9.595961;9.595961;9.595961;9.595961;9.595961;9.595961;9.595961;9.595961;9.595961;9.595961;9.595961;9.595961;9.595961;9.595961;9.595961;9.595961;9.595961;9.595961;||
-0.8714894;-0.8714894;-0.8714894;-0.8714894;-0.8714894;-0.8714894;-0.8714894;-0.8714894;-0.8714894;-0.8714894;-0.8714894;-0.8714894;-0.8714894;-0.8714894;-0.8714894;-0.8714894;-0.8714894;-0.8714894;-0.8714894;-0.8714894;-0.8714894;-0.8714894;-0.8714894;-0.8714894;-0.8714894;-0.8714894;-0.8714894;-0.8714894;-0.8714894;-0.8714894;-0.8714894;-0.8714894;-0.8714894;-0.8714894;-0.8714894;-0.8714894;-0.8714894;-0.8714894;-0.8714894;-0.8714894;-0.8714894;-0.8714894;-0.8714894;-0.8714894;-0.8714894;-0.8714894;-0.8714894;-0.8714894;-0.8714894;-0.8714894;-0.8714894;-0.8714894;-0.8714894;-0.8714894;-0.8714894;-0.8714894;-0.8714894;-0.8714894;-0.8714894;-0.8714894;-0.8714894;-0.8714894;-0.8714894;-0.8714894;-0.8714894;-0.8714894;-0.8714894;-0.8714894;-0.8714894;-0.8714894;-0.8714894;-0.8714894;-0.8714894;-0.8714894;-0.8714894;-0.8714894;-0.8714894;-0.8714894;-0.8714894;-0.8714894;-0.8714894;-0.8714894;-0.8714894;-0.8714894;-0.8714894;-0.8714894;-0.8714894;-0.8714894;-0.8714894;-0.8714894;-0.8714894;-0.8714894;-0.8714894;-0.8714894;-0.8714894;-0.8714894;||
-0.33518824;-0.33518824;-0.33518824;-0.33518824;-0.33518824;-0.33518824;-0.33518824;-0.33518824;-0.33518824;-0.33518824;-0.33518824;-0.33518824;-0.33518824;-0.33518824;-0.33518824;-0.33518824;-0.33518824;-0.33518824;-0.33518824;-0.33518824;-0.33518824;-0.33518824;-0.33518824;-0.33518824;-0.33518824;-0.33518824;-0.33518824;-0.33518824;-0.33518824;-0.33518824;-0.33518824;-0.33518824;-0.33518824;-0.33518824;-0.33518824;-0.33518824;-0.33518824;-0.33518824;-0.33518824;-0.33518824;-0.33518824;-0.33518824;-0.33518824;-0.33518824;-0.33518824;-0.33518824;-0.33518824;-0.33518824;-0.33518824;-0.33518824;-0.33518824;-0.33518824;-0.33518824;-0.33518824;-0.33518824;-0.33518824;-0.33518824;-0.33518824;-0.33518824;-0.33518824;-0.33518824;-0.33518824;-0.33518824;-0.33518824;-0.33518824;-0.33518824;-0.33518824;-0.33518824;-0.33518824;-0.33518824;-0.33518824;-0.33518824;-0.33518824;-0.33518824;-0.33518824;-0.33518824;-0.33518824;-0.33518824;-0.33518824;-0.33518824;-0.33518824;-0.33518824;-0.33518824;-0.33518824;-0.33518824;-0.33518824;-0.33518824;-0.33518824;-0.33518824;-0.33518824;-0.33518824;-0.33518824;-0.33518824;-0.33518824;-0.33518824;-0.33518824;||
---------------------------
9.595961;9.595961;9.595961;9.595961;9.595961;9.595961;9.595961;9.595961;9.595961;9.595961;9.595961;9.595961;9.595961;9.595961;9.595961;9.595961;9.595961;9.595961;9.595961;9.595961;9.595961;9.595961;9.595961;9.595961;9.595961;9.595961;9.595961;9.595961;9.595961;9.595961;9.595961;9.595961;9.595961;9.595961;9.595961;9.595961;9.595961;9.595961;9.595961;9.595961;9.595961;9.595961;9.595961;9.595961;9.595961;9.595961;9.595961;9.595961;9.595961;9.595961;9.595961;9.595961;9.595961;9.595961;9.595961;9.595961;9.595961;9.595961;9.595961;9.595961;9.595961;9.595961;9.595961;9.595961;9.595961;9.595961;9.595961;9.595961;9.595961;9.595961;9.595961;9.595961;9.595961;9.595961;9.595961;9.595961;9.595961;9.595961;9.595961;9.595961;9.595961;9.595961;9.595961;9.595961;9.595961;9.595961;9.595961;9.595961;9.595961;9.595961;9.595961;9.595961;||
-0.8714894;-0.8714894;-0.8714894;-0.8714894;-0.8714894;-0.8714894;-0.8714894;-0.8714894;-0.8714894;-0.8714894;-0.8714894;-0.8714894;-0.8714894;-0.8714894;-0.8714894;-0.8714894;-0.8714894;-0.8714894;-0.8714894;-0.8714894;-0.8714894;-0.8714894;-0.8714894;-0.8714894;-0.8714894;-0.8714894;-0.8714894;-0.8714894;-0.8714894;-0.8714894;-0.8714894;-0.8714894;-0.8714894;-0.8714894;-0.8714894;-0.8714894;-0.8714894;-0.8714894;-0.8714894;-0.8714894;-0.8714894;-0.8714894;-0.8714894;-0.8714894;-0.8714894;-0.8714894;-0.8714894;-0.8714894;-0.8714894;-0.8714894;-0.8714894;-0.8714894;-0.8714894;-0.8714894;-0.8714894;-0.8714894;-0.8714894;-0.8714894;-0.8714894;-0.8714894;-0.8714894;-0.8714894;-0.8714894;-0.8714894;-0.8714894;-0.8714894;-0.8714894;-0.8714894;-0.8714894;-0.8714894;-0.8714894;-0.8714894;-0.8714894;-0.8714894;-0.8714894;-0.8714894;-0.8714894;-0.8714894;-0.8714894;-0.8714894;-0.8714894;-0.8714894;-0.8714894;-0.8714894;-0.8714894;-0.8714894;-0.8714894;-0.8714894;-0.8714894;-0.8714894;-0.8714894;-0.8714894;||
-0.33518824;-0.33518824;-0.33518824;-0.33518824;-0.33518824;-0.33518824;-0.33518824;-0.33518824;-0.33518824;-0.33518824;-0.33518824;-0.33518824;-0.33518824;-0.33518824;-0.33518824;-0.33518824;-0.33518824;-0.33518824;-0.33518824;-0.33518824;-0.33518824;-0.33518824;-0.33518824;-0.33518824;-0.33518824;-0.33518824;-0.33518824;-0.33518824;-0.33518824;-0.33518824;-0.33518824;-0.33518824;-0.33518824;-0.33518824;-0.33518824;-0.33518824;-0.33518824;-0.33518824;-0.33518824;-0.33518824;-0.33518824;-0.33518824;-0.33518824;-0.33518824;-0.33518824;-0.33518824;-0.33518824;-0.33518824;-0.33518824;-0.33518824;-0.33518824;-0.33518824;-0.33518824;-0.33518824;-0.33518824;-0.33518824;-0.33518824;-0.33518824;-0.33518824;-0.33518824;-0.33518824;-0.33518824;-0.33518824;-0.33518824;-0.33518824;-0.33518824;-0.33518824;-0.33518824;-0.33518824;-0.33518824;-0.33518824;-0.33518824;-0.33518824;-0.33518824;-0.33518824;-0.33518824;-0.33518824;-0.33518824;-0.33518824;-0.33518824;-0.33518824;-0.33518824;-0.33518824;-0.33518824;-0.33518824;-0.33518824;-0.33518824;-0.33518824;-0.33518824;-0.33518824;-0.33518824;-0.33518824;||
---------------------------
9.595961;9.595961;9.595961;9.595961;9.595961;9.595961;9.595961;9.595961;9.595961;9.595961;9.595961;9.595961;9.595961;9.595961;9.595961;9.595961;9.595961;9.595961;9.595961;9.595961;9.595961;9.595961;9.595961;9.595961;9.595961;9.595961;9.595961;9.595961;9.595961;9.595961;9.595961;9.595961;9.595961;9.595961;9.595961;9.595961;9.595961;9.595961;9.595961;9.595961;9.595961;9.595961;9.595961;9.595961;9.595961;9.595961;9.595961;9.595961;9.595961;9.595961;9.595961;9.595961;9.595961;9.595961;9.595961;9.595961;9.595961;9.595961;9.595961;9.595961;9.595961;9.595961;9.595961;9.595961;9.595961;9.595961;9.595961;9.595961;9.595961;9.595961;9.595961;9.595961;9.595961;9.595961;9.595961;9.595961;9.595961;9.595961;9.595961;9.595961;9.595961;9.595961;9.595961;9.595961;9.595961;9.595961;9.595961;9.595961;9.595961;9.595961;||
-0.8714894;-0.8714894;-0.8714894;-0.8714894;-0.8714894;-0.8714894;-0.8714894;-0.8714894;-0.8714894;-0.8714894;-0.8714894;-0.8714894;-0.8714894;-0.8714894;-0.8714894;-0.8714894;-0.8714894;-0.8714894;-0.8714894;-0.8714894;-0.8714894;-0.8714894;-0.8714894;-0.8714894;-0.8714894;-0.8714894;-0.8714894;-0.8714894;-0.8714894;-0.8714894;-0.8714894;-0.8714894;-0.8714894;-0.8714894;-0.8714894;-0.8714894;-0.8714894;-0.8714894;-0.8714894;-0.8714894;-0.8714894;-0.8714894;-0.8714894;-0.8714894;-0.8714894;-0.8714894;-0.8714894;-0.8714894;-0.8714894;-0.8714894;-0.8714894;-0.8714894;-0.8714894;-0.8714894;-0.8714894;-0.8714894;-0.8714894;-0.8714894;-0.8714894;-0.8714894;-0.8714894;-0.8714894;-0.8714894;-0.8714894;-0.8714894;-0.8714894;-0.8714894;-0.8714894;-0.8714894;-0.8714894;-0.8714894;-0.8714894;-0.8714894;-0.8714894;-0.8714894;-0.8714894;-0.8714894;-0.8714894;-0.8714894;-0.8714894;-0.8714894;-0.8714894;-0.8714894;-0.8714894;-0.8714894;-0.8714894;-0.8714894;-0.8714894;-0.8714894;-0.8714894;||
-0.33518824;-0.33518824;-0.33518824;-0.33518824;-0.33518824;-0.33518824;-0.33518824;-0.33518824;-0.33518824;-0.33518824;-0.33518824;-0.33518824;-0.33518824;-0.33518824;-0.33518824;-0.33518824;-0.33518824;-0.33518824;-0.33518824;-0.33518824;-0.33518824;-0.33518824;-0.33518824;-0.33518824;-0.33518824;-0.33518824;-0.33518824;-0.33518824;-0.33518824;-0.33518824;-0.33518824;-0.33518824;-0.33518824;-0.33518824;-0.33518824;-0.33518824;-0.33518824;-0.33518824;-0.33518824;-0.33518824;-0.33518824;-0.33518824;-0.33518824;-0.33518824;-0.33518824;-0.33518824;-0.33518824;-0.33518824;-0.33518824;-0.33518824;-0.33518824;-0.33518824;-0.33518824;-0.33518824;-0.33518824;-0.33518824;-0.33518824;-0.33518824;-0.33518824;-0.33518824;-0.33518824;-0.33518824;-0.33518824;-0.33518824;-0.33518824;-0.33518824;-0.33518824;-0.33518824;-0.33518824;-0.33518824;-0.33518824;-0.33518824;-0.33518824;-0.33518824;-0.33518824;-0.33518824;-0.33518824;-0.33518824;-0.33518824;-0.33518824;-0.33518824;-0.33518824;-0.33518824;-0.33518824;-0.33518824;-0.33518824;-0.33518824;-0.33518824;-0.33518824;-0.33518824;||
=============================
diver2
---------------------------
9.423578;9.423578;9.423578;9.423578;9.423578;9.423578;9.423578;9.423578;9.423578;9.423578;9.423578;9.423578;9.423578;9.423578;9.423578;9.423578;9.423578;9.423578;9.423578;9.423578;9.423578;9.423578;9.423578;9.423578;9.423578;9.423578;9.423578;9.423578;9.423578;9.423578;9.423578;9.423578;9.423578;9.423578;9.423578;9.423578;9.423578;9.423578;9.423578;9.423578;9.423578;9.423578;9.423578;9.423578;9.423578;9.423578;9.423578;9.423578;9.423578;9.423578;9.423578;9.423578;9.423578;9.423578;9.423578;9.423578;9.423578;9.423578;9.423578;9.423578;9.423578;9.423578;9.423578;9.423578;9.423578;9.423578;9.423578;9.423578;9.423578;9.423578;9.423578;9.423578;9.423578;9.423578;9.423578;9.423578;9.423578;9.423578;9.423578;9.423578;9.423578;9.423578;9.423578;9.423578;9.423578;9.423578;9.423578;9.423578;9.423578;9.423578;9.423578;9.423578;9.423578;9.423578;9.423578;9.423578;9.423578;9.423578;9.423578;9.423578;9.423578;9.423578;9.423578;9.423578;9.423578;9.423578;9.423578;9.423578;9.423578;9.423578;9.423578;9.423578;9.423578;9.423578;9.423578;9.423578;9.423578;9.423578;9.423578;9.423578;9.423578;||
-0.5650316;-0.5650316;-0.5650316;-0.5650316;-0.5650316;-0.5650316;-0.5650316;-0.5650316;-0.5650316;-0.5650316;-0.5650316;-0.5650316;-0.5650316;-0.5650316;-0.5650316;-0.5650316;-0.5650316;-0.5650316;-0.5650316;-0.5650316;-0.5650316;-0.5650316;-0.5650316;-0.5650316;-0.5650316;-0.5650316;-0.5650316;-0.5650316;-0.5650316;-0.5650316;-0.5650316;-0.5650316;-0.5650316;-0.5650316;-0.5650316;-0.5650316;-0.5650316;-0.5650316;-0.5650316;-0.5650316;-0.5650316;-0.5650316;-0.5650316;-0.5650316;-0.5650316;-0.5650316;-0.5650316;-0.5650316;-0.5650316;-0.5650316;-0.5650316;-0.5650316;-0.5650316;-0.5650316;-0.5650316;-0.5650316;-0.5650316;-0.5650316;-0.5650316;-0.5650316;-0.5650316;-0.5650316;-0.5650316;-0.5650316;-0.5650316;-0.5650316;-0.5650316;-0.5650316;-0.5650316;-0.5650316;-0.5650316;-0.5650316;-0.5650316;-0.5650316;-0.5650316;-0.5650316;-0.5650316;-0.5650316;-0.5650316;-0.5650316;-0.5650316;-0.5650316;-0.5650316;-0.5650316;-0.5650316;-0.5650316;-0.5650316;-0.5650316;-0.5650316;-0.5650316;-0.5650316;-0.5650316;-0.5650316;-0.5650316;-0.5650316;-0.5650316;-0.5650316;-0.5650316;-0.5650316;-0.5650316;-0.5650316;-0.5650316;-0.5650316;-0.5650316;-0.5650316;-0.5650316;-0.5650316;-0.5650316;-0.5650316;-0.5650316;-0.5650316;-0.5650316;-0.5650316;-0.5650316;-0.5650316;-0.5650316;-0.5650316;-0.5650316;-0.5650316;-0.5650316;-0.5650316;||
0.8714894;0.8714894;0.8714894;0.8714894;0.8714894;0.8714894;0.8714894;0.8714894;0.8714894;0.8714894;0.8714894;0.8714894;0.8714894;0.8714894;0.8714894;0.8714894;0.8714894;0.8714894;0.8714894;0.8714894;0.8714894;0.8714894;0.8714894;0.8714894;0.8714894;0.8714894;0.8714894;0.8714894;0.8714894;0.8714894;0.8714894;0.8714894;0.8714894;0.8714894;0.8714894;0.8714894;0.8714894;0.8714894;0.8714894;0.8714894;0.8714894;0.8714894;0.8714894;0.8714894;0.8714894;0.8714894;0.8714894;0.8714894;0.8714894;0.8714894;0.8714894;0.8714894;0.8714894;0.8714894;0.8714894;0.8714894;0.8714894;0.8714894;0.8714894;0.8714894;0.8714894;0.8714894;0.8714894;0.8714894;0.8714894;0.8714894;0.8714894;0.8714894;0.8714894;0.8714894;0.8714894;0.8714894;0.8714894;0.8714894;0.8714894;0.8714894;0.8714894;0.8714894;0.8714894;0.8714894;0.8714894;0.8714894;0.8714894;0.8714894;0.8714894;0.8714894;0.8714894;0.8714894;0.8714894;0.8714894;0.8714894;0.8714894;0.8714894;0.8714894;0.8714894;0.8714894;0.8714894;0.8714894;0.8714894;0.8714894;0.8714894;0.8714894;0.8714894;0.8714894;0.8714894;0.8714894;0.8714894;0.8714894;0.8714894;0.8714894;0.8714894;0.8714894;0.8714894;0.8714894;0.8714894;0.8714894;0.8714894;0.8714894;0.8714894;0.8714894;0.8714894;||
---------------------------
9.423578;9.423578;9.423578;9.423578;9.423578;9.423578;9.423578;9.423578;9.423578;9.423578;9.423578;9.423578;9.423578;9.423578;9.423578;9.423578;9.423578;9.423578;9.423578;9.423578;9.423578;9.423578;9.423578;9.423578;9.423578;9.423578;9.423578;9.423578;9.423578;9.423578;9.423578;9.423578;9.423578;9.423578;9.423578;9.423578;9.423578;9.423578;9.423578;9.423578;9.423578;9.423578;9.423578;9.423578;9.423578;9.423578;9.423578;9.423578;9.423578;9.423578;9.423578;9.423578;9.423578;9.423578;9.423578;9.423578;9.423578;9.423578;9.423578;9.423578;9.423578;9.423578;9.423578;9.423578;9.423578;9.423578;9.423578;9.423578;9.423578;9.423578;9.423578;9.423578;9.423578;9.423578;9.423578;9.423578;9.423578;9.423578;9.423578;9.423578;9.423578;9.423578;9.423578;9.423578;9.423578;9.423578;9.423578;9.423578;9.423578;9.423578;9.423578;9.423578;9.423578;9.423578;9.423578;9.423578;9.423578;9.423578;9.423578;9.423578;9.423578;9.423578;9.423578;9.423578;9.423578;9.423578;9.423578;9.423578;9.423578;9.423578;9.423578;9.423578;9.423578;9.423578;9.423578;9.423578;9.423578;9.423578;9.423578;9.423578;9.423578;9.423578;9.423578;||
-0.5650316;-0.5650316;-0.5650316;-0.5650316;-0.5650316;-0.5650316;-0.5650316;-0.5650316;-0.5650316;-0.5650316;-0.5650316;-0.5650316;-0.5650316;-0.5650316;-0.5650316;-0.5650316;-0.5650316;-0.5650316;-0.5650316;-0.5650316;-0.5650316;-0.5650316;-0.5650316;-0.5650316;-0.5650316;-0.5650316;-0.5650316;-0.5650316;-0.5650316;-0.5650316;-0.5650316;-0.5650316;-0.5650316;-0.5650316;-0.5650316;-0.5650316;-0.5650316;-0.5650316;-0.5650316;-0.5650316;-0.5650316;-0.5650316;-0.5650316;-0.5650316;-0.5650316;-0.5650316;-0.5650316;-0.5650316;-0.5650316;-0.5650316;-0.5650316;-0.5650316;-0.5650316;-0.5650316;-0.5650316;-0.5650316;-0.5650316;-0.5650316;-0.5650316;-0.5650316;-0.5650316;-0.5650316;-0.5650316;-0.5650316;-0.5650316;-0.5650316;-0.5650316;-0.5650316;-0.5650316;-0.5650316;-0.5650316;-0.5650316;-0.5650316;-0.5650316;-0.5650316;-0.5650316;-0.5650316;-0.5650316;-0.5650316;-0.5650316;-0.5650316;-0.5650316;-0.5650316;-0.5650316;-0.5650316;-0.5650316;-0.5650316;-0.5650316;-0.5650316;-0.5650316;-0.5650316;-0.5650316;-0.5650316;-0.5650316;-0.5650316;-0.5650316;-0.5650316;-0.5650316;-0.5650316;-0.5650316;-0.5650316;-0.5650316;-0.5650316;-0.5650316;-0.5650316;-0.5650316;-0.5650316;-0.5650316;-0.5650316;-0.5650316;-0.5650316;-0.5650316;-0.5650316;-0.5650316;-0.5650316;-0.5650316;-0.5650316;-0.5650316;-0.5650316;-0.5650316;-0.5650316;-0.5650316;-0.5650316;||
0.8714894;0.8714894;0.8714894;0.8714894;0.8714894;0.8714894;0.8714894;0.8714894;0.8714894;0.8714894;0.8714894;0.8714894;0.8714894;0.8714894;0.8714894;0.8714894;0.8714894;0.8714894;0.8714894;0.8714894;0.8714894;0.8714894;0.8714894;0.8714894;0.8714894;0.8714894;0.8714894;0.8714894;0.8714894;0.8714894;0.8714894;0.8714894;0.8714894;0.8714894;0.8714894;0.8714894;0.8714894;0.8714894;0.8714894;0.8714894;0.8714894;0.8714894;0.8714894;0.8714894;0.8714894;0.8714894;0.8714894;0.8714894;0.8714894;0.8714894;0.8714894;0.8714894;0.8714894;0.8714894;0.8714894;0.8714894;0.8714894;0.8714894;0.8714894;0.8714894;0.8714894;0.8714894;0.8714894;0.8714894;0.8714894;0.8714894;0.8714894;0.8714894;0.8714894;0.8714894;0.8714894;0.8714894;0.8714894;0.8714894;0.8714894;0.8714894;0.8714894;0.8714894;0.8714894;0.8714894;0.8714894;0.8714894;0.8714894;0.8714894;0.8714894;0.8714894;0.8714894;0.8714894;0.8714894;0.8714894;0.8714894;0.8714894;0.8714894;0.8714894;0.8714894;0.8714894;0.8714894;0.8714894;0.8714894;0.8714894;0.8714894;0.8714894;0.8714894;0.8714894;0.8714894;0.8714894;0.8714894;0.8714894;0.8714894;0.8714894;0.8714894;0.8714894;0.8714894;0.8714894;0.8714894;0.8714894;0.8714894;0.8714894;0.8714894;0.8714894;0.8714894;0.8714894;0.8714894;||
---------------------------
9.423578;9.423578;9.423578;9.423578;9.423578;9.423578;9.423578;9.423578;9.423578;9.423578;9.423578;9.423578;9.423578;9.423578;9.423578;9.423578;9.423578;9.423578;9.423578;9.423578;9.423578;9.423578;9.423578;9.423578;9.423578;9.423578;9.423578;9.423578;9.423578;9.423578;9.423578;9.423578;9.423578;9.423578;9.423578;9.423578;9.423578;9.423578;9.423578;9.423578;9.423578;9.423578;9.423578;9.423578;9.423578;9.423578;9.423578;9.423578;9.423578;9.423578;9.423578;9.423578;9.423578;9.423578;9.423578;9.423578;9.423578;9.423578;9.423578;9.423578;9.423578;9.423578;9.423578;9.423578;9.423578;9.423578;9.423578;9.423578;9.423578;9.423578;9.423578;9.423578;9.423578;9.423578;9.423578;9.423578;9.423578;9.423578;9.423578;9.423578;9.423578;9.423578;9.423578;9.423578;9.423578;9.423578;9.423578;9.423578;9.423578;9.423578;9.423578;9.423578;9.423578;9.423578;9.423578;9.423578;9.423578;9.423578;9.423578;9.423578;9.423578;9.423578;9.423578;9.423578;9.423578;9.423578;9.423578;9.423578;9.423578;9.423578;9.423578;9.423578;9.423578;9.423578;9.423578;9.423578;9.423578;9.423578;||
-0.5650316;-0.5650316;-0.5650316;-0.5650316;-0.5650316;-0.5650316;-0.5650316;-0.5650316;-0.5650316;-0.5650316;-0.5650316;-0.5650316;-0.5650316;-0.5650316;-0.5650316;-0.5650316;-0.5650316;-0.5650316;-0.5650316;-0.5650316;-0.5650316;-0.5650316;-0.5650316;-0.5650316;-0.5650316;-0.5650316;-0.5650316;-0.5650316;-0.5650316;-0.5650316;-0.5650316;-0.5650316;-0.5650316;-0.5650316;-0.5650316;-0.5650316;-0.5650316;-0.5650316;-0.5650316;-0.5650316;-0.5650316;-0.5650316;-0.5650316;-0.5650316;-0.5650316;-0.5650316;-0.5650316;-0.5650316;-0.5650316;-0.5650316;-0.5650316;-0.5650316;-0.5650316;-0.5650316;-0.5650316;-0.5650316;-0.5650316;-0.5650316;-0.5650316;-0.5650316;-0.5650316;-0.5650316;-0.5650316;-0.5650316;-0.5650316;-0.5650316;-0.5650316;-0.5650316;-0.5650316;-0.5650316;-0.5650316;-0.5650316;-0.5650316;-0.5650316;-0.5650316;-0.5650316;-0.5650316;-0.5650316;-0.5650316;-0.5650316;-0.5650316;-0.5650316;-0.5650316;-0.5650316;-0.5650316;-0.5650316;-0.5650316;-0.5650316;-0.5650316;-0.5650316;-0.5650316;-0.5650316;-0.5650316;-0.5650316;-0.5650316;-0.5650316;-0.5650316;-0.5650316;-0.5650316;-0.5650316;-0.5650316;-0.5650316;-0.5650316;-0.5650316;-0.5650316;-0.5650316;-0.5650316;-0.5650316;-0.5650316;-0.5650316;-0.5650316;-0.5650316;-0.5650316;-0.5650316;-0.5650316;-0.5650316;-0.5650316;-0.5650316;||
0.8714894;0.8714894;0.8714894;0.8714894;0.8714894;0.8714894;0.8714894;0.8714894;0.8714894;0.8714894;0.8714894;0.8714894;0.8714894;0.8714894;0.8714894;0.8714894;0.8714894;0.8714894;0.8714894;0.8714894;0.8714894;0.8714894;0.8714894;0.8714894;0.8714894;0.8714894;0.8714894;0.8714894;0.8714894;0.8714894;0.8714894;0.8714894;0.8714894;0.8714894;0.8714894;0.8714894;0.8714894;0.8714894;0.8714894;0.8714894;0.8714894;0.8714894;0.8714894;0.8714894;0.8714894;0.8714894;0.8714894;0.8714894;0.8714894;0.8714894;0.8714894;0.8714894;0.8714894;0.8714894;0.8714894;0.8714894;0.8714894;0.8714894;0.8714894;0.8714894;0.8714894;0.8714894;0.8714894;0.8714894;0.8714894;0.8714894;0.8714894;0.8714894;0.8714894;0.8714894;0.8714894;0.8714894;0.8714894;0.8714894;0.8714894;0.8714894;0.8714894;0.8714894;0.8714894;0.8714894;0.8714894;0.8714894;0.8714894;0.8714894;0.8714894;0.8714894;0.8714894;0.8714894;0.8714894;0.8714894;0.8714894;0.8714894;0.8714894;0.8714894;0.8714894;0.8714894;0.8714894;0.8714894;0.8714894;0.8714894;0.8714894;0.8714894;0.8714894;0.8714894;0.8714894;0.8714894;0.8714894;0.8714894;0.8714894;0.8714894;0.8714894;0.8714894;0.8714894;0.8714894;0.8714894;0.8714894;0.8714894;0.8714894;||
=============================
gd
---------------------------
-0.7278373;-0.7278373;-0.7278373;-0.7278373;-0.7278373;-0.7278373;-0.7278373;-0.7278373;-0.7278373;-0.7278373;-0.7278373;-0.7278373;-0.7278373;-0.7278373;-0.7278373;-0.7278373;-0.7278373;-0.7278373;-0.7278373;-0.7278373;-0.7278373;-0.7278373;-0.7278373;-0.7278373;-0.7278373;-0.7278373;-0.7278373;-0.7278373;-0.7278373;-0.7278373;-0.7278373;-0.7278373;-0.7278373;-0.7278373;-0.7278373;-0.7278373;-0.7278373;-0.7278373;-0.7278373;-0.7278373;-0.7278373;-0.7278373;-0.7278373;-0.7278373;-0.7278373;-0.7278373;-0.7278373;-0.7278373;-0.7278373;-0.7278373;-0.7278373;-0.7278373;-0.7278373;-0.7278373;-0.7278373;-0.7278373;-0.7278373;-0.7278373;-0.7278373;-0.7278373;-0.7278373;-0.7278373;-0.7278373;-0.7278373;-0.7278373;-0.7278373;-0.7278373;-0.7278373;-0.7278373;-0.7278373;-0.7278373;-0.7278373;-0.7278373;-0.7278373;-0.7278373;-0.7278373;-0.7278373;-0.7278373;-0.7278373;-0.7278373;-0.7278373;||
-0.076614454;-0.076614454;-0.076614454;-0.076614454;-0.076614454;-0.076614454;-0.076614454;-0.076614454;-0.076614454;-0.076614454;-0.076614454;-0.076614454;-0.076614454;-0.076614454;-0.076614454;-0.076614454;-0.076614454;-0.076614454;-0.076614454;-0.076614454;-0.076614454;-0.076614454;-0.076614454;-0.076614454;-0.076614454;-0.076614454;-0.076614454;-0.076614454;-0.076614454;-0.076614454;-0.076614454;-0.076614454;-0.076614454;-0.076614454;-0.076614454;-0.076614454;-0.076614454;-0.076614454;-0.076614454;-0.076614454;-0.076614454;-0.076614454;-0.076614454;-0.076614454;-0.076614454;-0.076614454;-0.076614454;-0.076614454;-0.076614454;-0.076614454;-0.076614454;-0.076614454;-0.076614454;-0.076614454;-0.076614454;-0.076614454;-0.076614454;-0.076614454;-0.076614454;-0.076614454;-0.076614454;-0.076614454;-0.076614454;-0.076614454;-0.076614454;-0.076614454;-0.076614454;-0.076614454;-0.076614454;-0.076614454;-0.076614454;-0.076614454;-0.076614454;-0.076614454;-0.076614454;-0.076614454;-0.076614454;-0.076614454;-0.076614454;-0.076614454;-0.076614454;||
10.275913;10.275913;10.275913;10.275913;10.275913;10.275913;10.275913;10.275913;10.275913;10.275913;10.275913;10.275913;10.275913;10.275913;10.275913;10.275913;10.275913;10.275913;10.275913;10.275913;10.275913;10.275913;10.275913;10.275913;10.275913;10.275913;10.275913;10.275913;10.275913;10.275913;10.275913;10.275913;10.275913;10.275913;10.275913;10.275913;10.275913;10.275913;10.275913;10.275913;10.275913;10.275913;10.275913;10.275913;10.275913;10.275913;10.275913;10.275913;10.275913;10.275913;10.275913;10.275913;10.275913;10.275913;10.275913;10.275913;10.275913;10.275913;10.275913;10.275913;10.275913;10.275913;10.275913;10.275913;10.275913;10.275913;10.275913;10.275913;10.275913;10.275913;10.275913;10.275913;10.275913;10.275913;10.275913;10.275913;10.275913;10.275913;10.275913;10.275913;10.275913;||
---------------------------
-0.7278373;-0.7278373;-0.7278373;-0.7278373;-0.7278373;-0.7278373;-0.7278373;-0.7278373;-0.7278373;-0.7278373;-0.7278373;-0.7278373;-0.7278373;-0.7278373;-0.7278373;-0.7278373;-0.7278373;-0.7278373;-0.7278373;-0.7278373;-0.7278373;-0.7278373;-0.7278373;-0.7278373;-0.7278373;-0.7278373;-0.7278373;-0.7278373;-0.7278373;-0.7278373;-0.7278373;-0.7278373;-0.7278373;-0.7278373;-0.7278373;-0.7278373;-0.7278373;-0.7278373;-0.7278373;-0.7278373;-0.7278373;-0.7278373;-0.7278373;-0.7278373;-0.7278373;-0.7278373;-0.7278373;-0.7278373;-0.7278373;-0.7278373;-0.7278373;-0.7278373;-0.7278373;-0.7278373;-0.7278373;-0.7278373;-0.7278373;-0.7278373;-0.7278373;-0.7278373;-0.7278373;-0.7278373;-0.7278373;-0.7278373;-0.7278373;-0.7278373;-0.7278373;-0.7278373;-0.7278373;-0.7278373;-0.7278373;||
-0.076614454;-0.076614454;-0.076614454;-0.076614454;-0.076614454;-0.076614454;-0.076614454;-0.076614454;-0.076614454;-0.076614454;-0.076614454;-0.076614454;-0.076614454;-0.076614454;-0.076614454;-0.076614454;-0.076614454;-0.076614454;-0.076614454;-0.076614454;-0.076614454;-0.076614454;-0.076614454;-0.076614454;-0.076614454;-0.076614454;-0.076614454;-0.076614454;-0.076614454;-0.076614454;-0.076614454;-0.076614454;-0.076614454;-0.076614454;-0.076614454;-0.076614454;-0.076614454;-0.076614454;-0.076614454;-0.076614454;-0.076614454;-0.076614454;-0.076614454;-0.076614454;-0.076614454;-0.076614454;-0.076614454;-0.076614454;-0.076614454;-0.076614454;-0.076614454;-0.076614454;-0.076614454;-0.076614454;-0.076614454;-0.076614454;-0.076614454;-0.076614454;-0.076614454;-0.076614454;-0.076614454;-0.076614454;-0.076614454;-0.076614454;-0.076614454;-0.076614454;-0.076614454;-0.076614454;-0.076614454;-0.076614454;-0.076614454;||
10.275913;10.275913;10.275913;10.275913;10.275913;10.275913;10.275913;10.275913;10.275913;10.275913;10.275913;10.275913;10.275913;10.275913;10.275913;10.275913;10.275913;10.275913;10.275913;10.275913;10.275913;10.275913;10.275913;10.275913;10.275913;10.275913;10.275913;10.275913;10.275913;10.275913;10.275913;10.275913;10.275913;10.275913;10.275913;10.275913;10.275913;10.275913;10.275913;10.275913;10.275913;10.275913;10.275913;10.275913;10.275913;10.275913;10.275913;10.275913;10.275913;10.275913;10.275913;10.275913;10.275913;10.275913;10.275913;10.275913;10.275913;10.275913;10.275913;10.275913;10.275913;10.275913;10.275913;10.275913;10.275913;10.275913;10.275913;10.275913;10.275913;10.275913;10.275913;||
---------------------------
-0.7278373;-0.7278373;-0.7278373;-0.7278373;-0.7278373;-0.7278373;-0.7278373;-0.7278373;-0.7278373;-0.7278373;-0.7278373;-0.7278373;-0.7278373;-0.7278373;-0.7278373;-0.7278373;-0.7278373;-0.7278373;-0.7278373;-0.7278373;-0.7278373;-0.7278373;-0.7278373;-0.7278373;-0.7278373;-0.7278373;-0.7278373;-0.7278373;-0.7278373;-0.7278373;-0.7278373;-0.7278373;-0.7278373;-0.7278373;-0.7278373;-0.7278373;-0.7278373;-0.7278373;-0.7278373;-0.7278373;-0.7278373;-0.7278373;-0.7278373;-0.7278373;-0.7278373;-0.7278373;-0.7278373;-0.7278373;-0.7278373;-0.7278373;-0.7278373;-0.7278373;-0.7278373;-0.7278373;-0.7278373;-0.7278373;-0.7278373;-0.7278373;-0.7278373;-0.7278373;-0.7278373;-0.7278373;-0.7278373;-0.7278373;-0.7278373;-0.7278373;-0.7278373;-0.7278373;-0.7278373;||
-0.076614454;-0.076614454;-0.076614454;-0.076614454;-0.076614454;-0.076614454;-0.076614454;-0.076614454;-0.076614454;-0.076614454;-0.076614454;-0.076614454;-0.076614454;-0.076614454;-0.076614454;-0.076614454;-0.076614454;-0.076614454;-0.076614454;-0.076614454;-0.076614454;-0.076614454;-0.076614454;-0.076614454;-0.076614454;-0.076614454;-0.076614454;-0.076614454;-0.076614454;-0.076614454;-0.076614454;-0.076614454;-0.076614454;-0.076614454;-0.076614454;-0.076614454;-0.076614454;-0.076614454;-0.076614454;-0.076614454;-0.076614454;-0.076614454;-0.076614454;-0.076614454;-0.076614454;-0.076614454;-0.076614454;-0.076614454;-0.076614454;-0.076614454;-0.076614454;-0.076614454;-0.076614454;-0.076614454;-0.076614454;-0.076614454;-0.076614454;-0.076614454;-0.076614454;-0.076614454;-0.076614454;-0.076614454;-0.076614454;-0.076614454;-0.076614454;-0.076614454;-0.076614454;-0.076614454;-0.076614454;||
10.275913;10.275913;10.275913;10.275913;10.275913;10.275913;10.275913;10.275913;10.275913;10.275913;10.275913;10.275913;10.275913;10.275913;10.275913;10.275913;10.275913;10.275913;10.275913;10.275913;10.275913;10.275913;10.275913;10.275913;10.275913;10.275913;10.275913;10.275913;10.275913;10.275913;10.275913;10.275913;10.275913;10.275913;10.275913;10.275913;10.275913;10.275913;10.275913;10.275913;10.275913;10.275913;10.275913;10.275913;10.275913;10.275913;10.275913;10.275913;10.275913;10.275913;10.275913;10.275913;10.275913;10.275913;10.275913;10.275913;10.275913;10.275913;10.275913;10.275913;10.275913;10.275913;10.275913;10.275913;10.275913;10.275913;10.275913;10.275913;10.275913;||
