0.2681506;4.9224787;8.599973
0.2681506;4.9320555;7.9870567
0.35434186;5.085284;7.517793
0.4213795;5.085284;7.4603324
0.49799395;5.0182467;7.651869
0.49799395;5.0374002;7.9583263
0.48841715;5.0278234;8.236053
0.50757074;4.999093;8.169016
0.45010993;4.9320555;7.9487495
0.45968673;4.9416323;7.747637
0.50757074;4.9416323;7.699753
0.5363012;4.903325;7.785944
0.51714754;4.8458643;8.169016
0.4405331;4.912902;8.121132
0.35434186;5.104438;7.9487495
0.31603462;5.2002063;7.8529816
0.24899697;5.161899;7.8625584
0.2777274;5.161899;8.063671
0.38307226;5.0374002;7.9870567
0.45968673;4.999093;7.9391727
0.46926352;4.951209;7.9966335
0.51714754;5.0182467;7.97748
0.49799395;5.046977;7.929596
0.4213795;5.0182467;7.8529816
0.47884035;4.9895163;7.9008656
0.47884035;4.9799395;7.9391727
0.5363012;5.0278234;7.929596
0.5554548;5.0182467;7.9008656
0.5650316;5.046977;7.8912888
0.50757074;5.0661306;8.00621
0.41180268;5.0757074;8.015787
0.4309563;5.104438;7.8529816
0.4309563;5.1140146;7.7667904
0.4309563;5.1235914;7.747637
0.4405331;5.056554;7.881712
0.5363012;5.094861;7.9104424
0.59376204;5.104438;7.8529816
0.58418524;5.094861;7.7667904
0.5650316;5.0757074;7.7189064
0.48841715;5.0278234;7.776367
0.45968673;5.056554;7.8912888
0.4309563;5.085284;7.9870567
0.4309563;5.1523223;7.9583263
0.4213795;5.209783;7.8625584
0.41180268;5.2002063;7.8050976
0.45010993;5.1523223;7.73806
0.50757074;5.1523223;7.747637
0.5554548;5.171476;7.843405
0.49799395;5.21936;7.8146744
0.48841715;5.2768207;7.833828
0.5267244;5.2768207;7.8050976
0.60333884;5.2385135;7.651869
0.6512229;5.305551;7.5561004
0.6607997;5.3438582;7.4603324
0.7374141;5.257667;7.297527
0.6799533;5.171476;7.5561004
0.4309563;5.0757074;8.207323
0.24899697;5.0374002;8.465898
0.30645782;5.1140146;8.293514
0.46926352;5.161899;7.785944
0.59376204;5.2863975;7.565677
0.5554548;5.353435;7.651869
0.47884035;5.391742;7.632715
0.45010993;5.449203;7.5848308
0.49799395;5.410896;7.6231384
0.60333884;5.4300494;7.642292
0.62249243;5.544971;7.6710224
0.62249243;5.592855;7.3645644
0.5363012;5.506664;7.029376
0.80445176;5.8226986;7.1347213
0.90979666;6.7133417;7.785944
0.47884035;6.7803793;7.6231384
-0.20111294;7.067683;7.881712
-0.37349546;7.2209125;7.422025
-0.2873042;7.3166804;6.9144545
-0.009576807;7.6231384;6.2632318
1.0151415;6.8282633;5.7365074
1.7046716;6.2632318;6.397307
1.9057846;5.93762;6.2345014
1.6759412;6.38773;5.4779334
0.36391866;7.795521;4.7405195
-1.3694834;8.868123;4.4819455
-2.1739352;9.691729;3.2369606
-1.6089035;10.43872;3.916914
-0.9672575;9.576807;4.10845
-0.21068975;8.552089;3.2752678
-0.019153614;8.2169;2.1164744
-0.047884032;8.810662;1.4556746
-0.15322891;9.165004;0.9672575
0.05746084;9.32781;0.94810385
0.11492168;8.973468;1.13964
0.06703765;8.159439;1.541866
-0.047884032;7.297527;2.566584
-3.1507695;11.568783;-7.249643
-2.9879637;11.453861;-1.685518
-2.384625;10.611102;-1.043872
-2.3654714;11.109096;-0.45968673
-1.8004397;10.515334;-1.6663644
-1.6280571;9.423578;-2.4229321
-1.5514427;8.6574335;-2.930503
-1.5897499;8.2169;-3.323152
-1.6280571;8.532935;-3.5338416
-1.4460979;8.90643;-3.6774938
-1.340753;9.212888;-3.3614593
-1.4748282;9.423578;-2.681506
-1.8195933;9.385271;-2.5570073
-1.9440918;9.260772;-2.585738
-2.0015526;9.050082;-2.5187001
-1.8674773;8.963891;-2.5474305
-1.6184803;9.11712;-2.96881
-1.2737153;9.260772;-3.5529952
-1.1971009;9.279925;-3.6870706
-1.2641385;9.241618;-3.5625722
-1.5035586;9.11712;-3.2465374
-1.5227122;9.097966;-3.1028855
-1.4748282;9.078813;-3.0550013
-1.3311762;9.165004;-3.1316159
-1.043872;9.433155;-3.371036
-0.9864111;9.528923;-3.466804
-1.0247183;9.548077;-3.1890767
-0.9864111;9.414001;-2.9879637
-1.0342951;9.260772;-2.9592333
-1.1300632;9.500193;-2.7102363
-1.1013328;9.825804;-2.6431987
-0.9959879;9.691729;-2.566584
-0.90979666;9.442732;-2.633622
-0.6895301;9.222465;-2.4516625
-0.58418524;9.519346;-2.0590134
-0.4213795;9.873688;-1.6663644
-0.31603462;10.189722;-1.0342951
-0.49799395;10.247183;-0.33518824
-0.5746084;10.065224;0.10534488
-0.24899697;10.151415;0.019153614
-0.08619126;9.940725;-0.076614454
0.15322891;9.308656;-0.4213795
0.36391866;9.251195;0.61291564
0.59376204;9.3661175;0.91937345
0.5363012;8.590396;1.2258313
0.30645782;8.207323;2.432509
-0.41180268;7.603985;3.7253778
-0.93852705;7.843405;4.7884035
-1.4077905;7.029376;4.9799395
-1.6280571;6.8569937;5.5162406
-1.388637;7.1347213;6.291962
-1.0726024;6.7708025;6.301539
-0.9672575;6.789956;6.205771
-1.0247183;6.6654577;8.130709
-0.94810385;5.861006;8.571242
-0.641646;4.271256;8.034941
-0.48841715;5.410896;9.088389
-0.06703765;3.3327289;6.090849
-1.8387469;1.6280571;8.695741
-2.8921957;0.7182605;11.128249
-2.9879637;0.29688102;10.6398325
-2.2697031;0.33518824;8.983045
-1.4556746;0.5650316;8.465898
-1.3503298;0.31603462;9.270349
-1.4077905;0.05746084;9.682152
-1.091756;0.32561144;9.634268
-0.7278373;0.41180268;9.174581
-0.641646;0.05746084;8.992621
-0.7757214;-0.2873042;9.184157
-0.842759;-0.50757074;9.404425
-0.8714894;-0.89064306;9.481039
-1.091756;-1.2737153;9.9790325
-0.81402856;-1.2258313;9.682152
-0.41180268;-0.9768343;9.241618
-0.33518824;-0.8619126;9.040505
-0.50757074;-0.79487497;8.944737
-0.5746084;-0.9576807;9.222465
-0.33518824;-0.9672575;9.691729
-0.23942018;-0.7661445;9.624691
-0.22984336;-0.6703765;9.490616
-0.34476504;-0.7661445;9.433155
-0.4213795;-1.043872;9.5385
-0.19153613;-1.1971009;10.208876
0.02873042;-1.1013328;10.419566
-0.20111294;-0.82360536;9.758766
-0.30645782;-0.50757074;8.954314
1.1875241;-1.0726024;9.844957
0.90979666;-1.685518;8.724471
2.0015526;-1.388637;8.647857
2.5378537;-0.62249243;8.513782
2.777274;-1.1971009;8.465898
3.2369606;-1.0247183;9.097966
3.6870706;-0.81402856;9.14585
3.5817258;-0.60333884;8.743625
3.6008794;-0.5267244;8.714894
3.9073372;-0.41180268;8.475474
4.4723687;-0.12449849;8.331821
5.2289367;-0.019153614;8.00621
5.6790466;0.30645782;7.4986396
6.1387334;0.34476504;7.3166804
6.1770406;0.17238252;7.1347213
6.5984197;0.31603462;6.4547677
6.4547677;0.45010993;5.257667
6.789956;1.1204864;5.3821654
7.785944;1.436521;5.765238
7.7667904;0.6991069;5.305551
7.7189064;0.37349546;5.363012
8.015787;1.3790601;5.1235914
7.967903;0.4213795;4.223372
7.728483;0.34476504;4.098873
8.590396;0.5650316;3.6487634
8.963891;0.59376204;3.217807
8.916007;0.6895301;2.930503
9.069236;0.39264908;3.0933087
8.90643;0.25857377;3.2944214
9.155427;0.48841715;2.7964275
9.346964;0.6895301;2.3654714
9.088389;0.91937345;2.1547816
9.097966;0.80445176;1.8770541
9.337387;0.81402856;1.7812861
9.576807;1.0151415;1.8770541
9.56723;0.9576807;1.4269443
9.519346;0.89064306;1.5131354
9.461885;0.8714894;1.3790601
9.576807;0.89064306;1.3694834
9.643845;0.8810662;1.4077905
9.528923;0.7086837;1.3215994
9.5385;0.6607997;1.3982137
9.615114;0.6703765;1.388637
9.605537;0.641646;1.3311762
9.471462;0.63206923;1.1875241
9.557653;0.51714754;1.1875241
9.643845;0.7469909;0.93852705
9.634268;0.93852705;0.61291564
9.586384;0.8714894;0.4405331
9.691729;0.81402856;0.47884035
9.643845;0.82360536;0.48841715
9.682152;0.8714894;0.63206923
9.758766;0.90979666;0.80445176
9.749189;0.9576807;0.90021986
9.682152;1.0247183;0.62249243
9.634268;0.90021986;0.34476504
9.672575;0.79487497;0.545878
9.730036;0.79487497;0.9672575
9.184157;1.3503298;0.90021986
8.389283;1.2066777;1.2258313
8.513782;1.2545617;0.90979666
8.37013;1.5131354;1.2641385
7.728483;1.8770541;2.030283
6.9719152;1.7046716;3.5817258
6.244078;1.3790601;5.363012
5.889736;1.1204864;7.0964136
5.0278234;1.292869;6.933608
2.2601264;0.8523358;7.9870567
1.0055647;0.92895025;9.078813
-0.33518824;0.79487497;8.475474
-1.4077905;0.62249243;8.197746
-2.2888567;0.7182605;9.308656
-3.7924154;0.6512229;10.486604
-4.76925;0.9576807;10.390836
-4.7979803;0.5746084;9.184157
-4.903325;0.39264908;8.389283
-5.046977;0.94810385;8.39886
-5.449203;0.93852705;8.303091
-5.9280434;0.59376204;8.025364
-6.3111157;0.4309563;7.776367
-6.3685765;0.47884035;7.517793
-6.3685765;0.6607997;7.374141
-5.9280434;0.78529817;6.9144545
-5.889736;0.79487497;6.799533
-6.6654577;0.5267244;5.9759274
-8.446744;-0.02873042;4.9895163
-9.701305;-0.4405331;4.0414124
-10.505757;-0.32561144;3.3518825
-10.218452;0.19153613;3.3135753
-9.883265;0.5267244;2.566584
-8.992621;0.5650316;1.6472107
-8.446744;0.9864111;1.0726024
-8.983045;1.1204864;0.78529817
-9.969456;0.80445176;0.45010993
-10.314221;0.94810385;-0.047884032
-10.103531;1.3790601;-0.48841715
-9.797073;2.0015526;-1.0247183
-9.375694;2.2601264;-1.6280571
-9.308656;2.2697031;-2.1739352
-9.481039;2.2122424;-2.3750482
-9.260772;2.1643584;-2.6527755
-9.835381;2.1739352;-3.1603463
-9.80665;1.8004397;-3.083732
-9.557653;1.6759412;-3.169923
-9.500193;1.7142484;-3.2944214
-9.260772;1.9249382;-3.3997664
-9.279925;1.8674773;-3.6870706
-9.184157;1.541866;-3.763685
-8.944737;1.388637;-3.821146
-9.002198;1.8195933;-3.41892
-8.896853;2.1164744;-2.9113493
-8.7053175;2.3175871;-2.5378537
-8.896853;2.1260512;-2.432509
-8.801085;2.030283;-2.7485435
-8.935161;1.934515;-3.083732
-8.810662;1.934515;-3.1890767
-8.839393;1.8100165;-3.1603463
-8.90643;1.5705963;-3.2082303
-8.944737;1.4173675;-3.41892
-8.954314;1.6184803;-3.6966474
-9.136273;1.436521;-3.964798
-9.174581;1.4556746;-4.1371803
-9.030929;1.3694834;-3.9073372
-8.896853;1.5227122;-3.6008794
-8.63828;1.7142484;-3.41892
-8.944737;1.5801731;-3.41892
-9.279925;1.0247183;-2.825158
-9.940725;1.3599066;-2.4516625
-10.572795;2.1930888;-1.6950948
-10.94629;3.2848446;-1.0630256
-11.080365;3.964798;-0.47884035
-10.927136;4.261679;0.32561144
-10.314221;4.2999864;1.292869
-9.940725;4.596867;2.2888567
-9.672575;5.161899;3.964798
-8.628703;5.535394;5.094861
-8.073248;5.813122;5.7748146
-7.335834;5.6215854;6.205771
-5.9759274;4.55856;7.2209125
-4.5202527;4.7788267;7.9487495
-3.2752678;4.807557;7.967903
-2.183512;4.0414124;7.7189064
-1.13964;3.620033;7.1251445
0.40222588;3.2082303;6.588843
1.685518;2.9496565;6.1770406
3.1794999;2.432509;5.9184666
4.510676;2.2505496;6.1004257
5.3725886;2.0973208;5.7843914
5.93762;1.9440918;5.315128
6.655881;1.7046716;4.8745947
7.345411;1.5035586;4.5298295
7.881712;1.3311762;4.185065
7.9583263;0.9768343;3.5338416
8.1402855;1.0247183;3.016694
8.408437;1.1587936;2.2697031
8.561666;0.7565677;1.283292
8.810662;0.45968673;0.5554548
9.040505;0.5267244;0.2873042
9.203311;0.4309563;-0.019153614
9.337387;0.45010993;-0.29688102
9.452309;0.4405331;-0.4309563
9.586384;0.36391866;-0.5554548
9.892841;0.38307226;-0.7661445
10.103531;0.7182605;-0.50757074
10.333375;0.7757214;-0.20111294
10.505757;0.8331822;-0.047884032
10.67814;0.7565677;0.23942018
10.477027;0.78529817;0.29688102
9.80665;1.1492168;0.11492168
9.203311;1.4460979;0.08619126
8.868123;1.7525556;0.5746084
9.481039;1.9632454;2.9783869
9.414001;2.1452048;3.5913026
8.121132;2.4133554;3.1890767
6.6271505;2.777274;2.5953147
6.215348;3.1890767;3.6296098
6.3781533;3.4763808;4.912902
6.081272;3.6008794;5.746084
5.410896;3.8115692;6.2345014
4.548983;4.0318356;6.4739213
3.620033;3.9456444;6.531382
2.6527755;4.098873;6.8186865
1.7046716;4.2521024;7.3549876
0.8523358;4.55856;8.408437
-0.095768064;4.960786;9.251195
-1.0055647;4.8937483;9.500193
-1.4556746;4.510676;9.385271
-2.0207062;4.5202527;8.954314
-2.8443117;4.606444;8.475474
-3.466804;4.7500963;8.159439
-3.6774938;5.085284;8.082825
-3.3039982;4.9224787;8.159439
-3.1411927;4.3766007;8.264784
-3.2369606;4.759673;8.101978
-3.6583402;5.00867;7.795521
-3.9935284;5.161899;7.536947
-3.916914;4.5394063;6.799533
-3.8307228;4.0222588;6.090849
-3.8307228;4.3766007;6.0238113
-3.8881836;4.7500963;6.3589997
-4.6830587;4.5202527;7.73806
-3.9552212;4.6351743;8.101978
-4.1371803;4.7500963;8.389283
-3.9935284;5.171476;8.2169
-4.280833;5.2385135;7.9966335
-4.271256;5.094861;7.9391727
-3.8594532;5.1906295;7.9391727
-3.5338416;5.085284;7.699753
-3.169923;4.912902;7.383718
-2.9975405;5.0278234;7.2304893
-2.8443117;5.133168;7.3549876
-2.7485435;5.1906295;7.4507556
-2.5570073;4.9799395;7.5561004
-2.5091233;5.046977;7.4986396
-2.6527755;5.142745;7.4028716
-2.719813;5.161899;7.383718
-2.6910827;5.171476;7.479486
-2.5091233;5.0278234;7.6231384
-2.3942018;5.0278234;7.632715
-2.4229321;5.085284;7.651869
-2.6048915;5.104438;7.5848308
-2.6910827;5.1235914;7.52737
-2.5091233;5.00867;7.5561004
-2.2122424;4.9895163;7.603985
-2.1068976;5.104438;7.6231384
-2.231396;5.2385135;7.5944076
-2.432509;5.3342814;7.5561004
-2.4420857;5.2289367;7.517793
-2.327164;5.171476;7.4507556
-2.2218192;5.171476;7.4507556
-2.3080103;5.267244;7.383718
-2.4612393;5.3725886;7.383718
-2.432509;5.3438582;7.374141
-2.3080103;5.2863975;7.4028716
-2.2601264;5.2959743;7.441179
-2.3175871;5.305551;7.383718
-2.432509;5.2959743;7.3645644
-2.4899697;5.3247046;7.431602
-2.4612393;5.3438582;7.4507556
-2.336741;5.3725886;7.441179
-2.327164;5.3821654;7.4028716
-2.384625;5.4300494;7.393295
-2.4612393;5.439626;7.4986396
-2.4708161;5.439626;7.517793
-2.3175871;5.391742;7.4986396
-2.2505496;5.45878;7.3071036
-2.336741;5.554548;7.153875
-2.480393;5.707777;7.067683
-2.6048915;5.841852;7.019799
-2.480393;5.650316;6.991069
-2.3750482;5.6982;7.0581064
-2.3942018;5.755661;7.144298
-2.4899697;5.841852;7.192182
-2.5091233;5.8705826;7.153875
-2.4516625;5.93762;7.144298
-2.336741;6.0525417;7.335834
-2.2984335;6.129156;7.441179
-2.2601264;6.349423;7.6710224
-2.1164744;6.5696893;7.776367
-2.1547816;6.349423;7.575254
-2.2026656;6.3111157;7.575254
-2.2026656;6.847417;6.703765
-2.5761611;6.7229185;5.267244
-2.432509;6.5601125;4.261679
-2.3942018;6.7133417;4.146757
-1.6376339;8.379706;4.357447
-2.6144683;9.56723;2.6431987
-3.5817258;9.337387;1.4077905
-4.2999864;8.599973;0.59376204
-4.31914;8.37013;0.7374141
-3.9264908;8.724471;1.0534488
-3.7253778;9.126697;0.9864111
-3.8402996;9.002198;0.33518824
-4.10845;8.379706;-0.93852705
-4.261679;8.226477;-1.4748282
-4.1180267;8.494628;-1.0726024
-4.060566;9.021352;-0.46926352
-3.9264908;9.193734;-0.45968673
-3.8594532;8.8777;-1.0342951
-3.7541082;8.523358;-1.5993267
-3.41892;8.475474;-1.5131354
-3.217807;8.781932;-1.340753
-3.169923;9.174581;-1.532289
-3.1794999;9.174581;-1.7429788
-3.2273839;8.925584;-2.0685902
-3.1603463;8.781932;-2.2505496
-3.217807;8.992621;-2.4708161
-3.1028855;9.126697;-2.767697
-2.9783869;8.973468;-2.9975405
-3.064578;8.714894;-3.8307228
-3.323152;8.456321;-4.0414124
-3.3518825;8.465898;-4.050989
-3.2273839;8.532935;-3.9360676
-3.1028855;8.532935;-4.003105
-2.873042;8.350976;-4.31914
-2.7485435;8.00621;-4.7500963
-2.8060043;7.843405;-5.1810527
-2.9400797;7.9583263;-5.3725886
-3.0358477;8.00621;-5.506664
-2.96881;7.920019;-5.535394
-2.9400797;7.8146744;-5.410896
-2.9017725;7.785944;-5.3438582
-2.8443117;7.824251;-5.305551
-2.7389667;7.920019;-5.315128
-2.633622;7.920019;-5.305551
-2.528277;7.8050976;-5.401319
-2.4516625;7.7093296;-5.4300494
-2.480393;7.642292;-5.439626
-2.5570073;7.824251;-5.439626
-2.7006595;7.9966335;-5.497087
-2.882619;8.034941;-5.535394
-2.9400797;7.8625584;-5.48751
-2.9400797;7.7189064;-5.439626
-2.882619;7.651869;-5.410896
-2.8443117;7.651869;-5.353435
-2.920926;7.699753;-5.3342814
-2.9496565;7.9391727;-5.315128
-2.9783869;8.101978;-5.315128
-3.016694;8.034941;-5.315128
-3.0550013;7.843405;-5.2959743
-2.9879637;7.7093296;-5.2480903
-2.96881;7.7093296;-5.161899
-3.0454245;7.881712;-5.094861
-3.1603463;8.0924015;-5.0374002
-3.3039982;8.24563;-4.9895163
-3.2848446;8.121132;-4.951209
-3.217807;7.967903;-4.912902
-3.169923;8.025364;-4.8745947
-3.2465374;8.178593;-4.7979803
-3.4476504;8.226477;-4.76925
-3.5338416;8.197746;-4.7022123
-3.41892;8.0924015;-4.663905
-3.3039982;8.054094;-4.663905
-3.265691;8.054094;-4.6926355
-3.3423057;8.111555;-4.673482
-3.3614593;8.2169;-4.5872903
-3.3806129;8.322245;-4.548983
-3.2944214;8.303091;-4.55856
-3.2082303;8.2169;-4.510676
-3.1986535;8.283937;-4.501099
-3.2944214;8.283937;-4.4915223
-3.3806129;8.331821;-4.367024
-3.4572272;8.456321;-4.31914
-3.5242648;8.494628;-4.3382936
-3.466804;8.293514;-4.309563
-3.3518825;8.24563;-4.271256
-3.3039982;8.197746;-4.2904096
-3.3806129;8.24563;-4.31914
-3.5242648;8.360553;-4.309563
-3.572149;8.37013;-4.2904096
-3.5529952;8.283937;-4.3287168
-3.466804;8.159439;-4.2999864
-3.3997664;8.159439;-4.261679
-3.3806129;8.255207;-4.2425256
-3.4284968;8.360553;-4.232949
-3.5338416;8.437167;-4.185065
-3.4476504;8.303091;-4.2042184
-3.41892;8.197746;-4.223372
-3.371036;8.207323;-4.232949
-3.4476504;8.169016;-4.2999864
-3.4859576;8.226477;-4.31914
-3.5817258;8.360553;-4.2425256
-3.572149;8.350976;-4.223372
-3.5242648;8.312668;-4.2042184
-3.5051112;8.283937;-4.223372
-3.4476504;8.24563;-4.175488
-3.5051112;8.264784;-4.1659107
-3.5434184;8.255207;-4.1659107
-3.5625722;8.1402855;-4.146757
-3.5817258;8.350976;-4.1180267
-3.5529952;8.39886;-4.10845
-3.4859576;8.303091;-4.10845
-3.4380736;8.322245;-4.0318356
-3.4955344;8.418014;-3.9839516
-3.4859576;8.37013;-3.9935284
-3.4476504;8.389283;-3.9360676
-3.4476504;8.504205;-3.9073372
-3.4572272;8.446744;-3.9360676
-3.466804;8.418014;-3.8786068
-3.4476504;8.418014;-3.8594532
-3.4572272;8.408437;-3.8786068
-3.4763808;8.379706;-3.9073372
-3.5434184;8.37013;-3.916914
-3.5434184;8.341399;-3.9360676
-3.6008794;8.456321;-3.9552212
-3.6104562;8.465898;-3.9935284
-3.5051112;8.39886;-4.003105
-3.4380736;8.39886;-3.9264908
-3.4284968;8.408437;-3.916914
-3.3997664;8.322245;-3.8977604
-3.4763808;8.350976;-3.8402996
-3.5338416;8.465898;-3.8307228
-3.5817258;8.39886;-3.8019924
-3.6104562;8.39886;-3.6774938
-3.6296098;8.504205;-3.572149
-3.6296098;8.580819;-3.6008794
-3.6008794;8.571242;-3.7062242
-3.5625722;8.485051;-3.7828386
-3.466804;8.37013;-3.8498764
-3.4093432;8.341399;-3.9264908
-3.4093432;8.350976;-3.9552212
-3.5338416;8.39886;-3.9073372
-3.6296098;8.418014;-3.7924154
-3.7062242;8.513782;-3.6008794
-3.620033;8.513782;-3.5434184
-3.5338416;8.475474;-3.5338416
-3.5051112;8.485051;-3.5434184
-3.572149;8.456321;-3.6104562
-3.6487634;8.408437;-3.6870706
-3.6870706;8.408437;-3.8594532
-3.7541082;8.42759;-3.9456444
-3.6870706;8.408437;-3.9935284
-3.6487634;8.322245;-3.9743748
-3.6008794;8.24563;-3.9073372
-3.5913026;8.226477;-3.8594532
-3.667917;8.283937;-3.7732618
-3.7445314;8.523358;-3.6487634
-3.6870706;8.542512;-3.6104562
-3.6296098;8.408437;-3.620033
-3.6104562;8.331821;-3.6870706
-3.7062242;8.39886;-3.715801
-3.7828386;8.485051;-3.8594532
-3.763685;8.418014;-3.916914
-3.715801;8.350976;-3.9073372
-3.620033;8.341399;-3.86903
-3.572149;8.341399;-3.8498764
-3.6487634;8.350976;-3.763685
-3.7541082;8.465898;-3.6296098
-3.8115692;8.513782;-3.6008794
-3.8498764;8.485051;-3.6774938
-3.9552212;8.274361;-3.7924154
-3.9743748;8.1881695;-3.8881836
-4.012682;8.169016;-3.9743748
-3.964798;8.111555;-3.9360676
-3.9073372;8.111555;-3.916914
-3.9935284;8.149862;-3.9360676
-4.10845;8.149862;-4.003105
-4.0222588;8.1402855;-4.0892963
-3.821146;8.178593;-4.1659107
-3.6583402;8.1881695;-4.1276035
-3.6870706;8.207323;-4.0892963
-3.763685;8.379706;-4.0797195
-3.7541082;8.437167;-4.003105
-3.8019924;8.418014;-3.9073372
-3.8019924;8.408437;-3.7828386
-3.7924154;8.456321;-3.7541082
-3.763685;8.264784;-3.8786068
-3.514688;8.101978;-3.9073372
-3.074155;8.101978;-4.0701427
-2.7581203;8.485051;-4.223372
-2.4708161;8.63828;-4.405331
-2.8634653;8.0924015;-4.1659107
-3.514688;8.504205;-3.9456444
-3.7828386;8.8777;-3.4572272
-3.4093432;8.935161;-2.777274
-2.5474305;9.241618;-2.2505496
-1.9440918;9.433155;-1.5897499
-2.72939;9.126697;-2.0398598
-3.0071173;8.810662;-2.4133554
-2.9017725;8.983045;-2.0494366
-2.7581203;9.56723;-0.82360536
-2.825158;9.710882;-0.80445176
-2.5570073;9.624691;-0.4405331
-2.4229321;9.825804;0.06703765
-2.566584;10.505757;0.45010993
-2.9496565;11.358093;1.2737153
-3.2369606;12.26789;2.5474305
-2.6431987;12.823344;3.0454245
-1.2258313;12.899959;2.7006595
0.17238252;12.066776;2.5761611
1.1204864;10.67814;2.5953147
2.767697;9.308656;4.232949
2.7102363;9.490616;4.951209
2.4516625;9.710882;4.912902
1.6567876;8.264784;4.7979803
1.0151415;7.2687964;4.6926355
-0.2681506;7.4986396;4.1946416
-2.1739352;6.8761473;3.8307228
-3.9073372;7.4124484;2.9113493
-6.445191;8.542512;1.7812861
-7.8625584;9.528923;2.6431987
-7.747637;9.557653;4.4819455
-6.8665705;8.963891;6.445191
-6.0046577;7.565677;7.2687964
-5.1523223;6.1770406;7.345411
-4.0318356;4.5872903;7.517793
-2.5187001;4.8458643;8.408437
-1.8866309;6.483498;9.232041
-3.4284968;5.1140146;9.595961
-4.1371803;3.2273839;10.620679
-4.098873;3.217807;12.430696
-3.7732618;4.55856;13.790602
-4.185065;6.1100025;14.78659
-4.1276035;8.264784;15.227123
-4.5298295;8.973468;14.097059
-5.7843914;9.289502;13.081918
-6.7612257;9.911995;12.717999
-7.7667904;10.01734;11.18571
-8.1402855;9.500193;9.634268
-7.240066;8.39886;6.742072
-7.1155677;7.6135616;4.3766007
-6.579266;6.6750345;2.0398598
-5.813122;4.711789;0.18195933
-4.6351743;3.5242648;-1.9057846
-3.323152;3.0454245;-3.169923
-2.0685902;2.7389667;-3.572149
-2.2888567;2.0207062;-4.654328
-4.414908;-0.37349546;-6.742072
-5.0278234;-3.3806129;-8.293514
-3.8019924;-4.6160207;-9.3182335
-2.825158;-4.55856;-10.132261
-2.6240451;-4.462792;-10.888829
-2.6144683;-4.2521024;-11.109096
-2.920926;-3.8019924;-11.271901
-3.4476504;-3.323152;-11.271901
-3.6296098;-2.72939;-10.984597
-3.6296098;-2.0398598;-10.94629
-3.6104562;-1.8483237;-11.032481
-3.8307228;-1.982399;-10.70687
-3.9743748;-2.183512;-10.726024
-4.0797195;-2.2888567;-10.534488
-4.146757;-2.2601264;-10.477027
-4.1180267;-2.3080103;-10.28549
-5.104438;-3.016694;-10.323798
-5.5641246;-2.327164;-9.289502
-5.899313;-1.0342951;-7.9583263
-5.9280434;0.25857377;-6.703765
-5.363012;2.030283;-5.899313
-5.1140146;3.8881836;-4.8458643
-5.6120086;5.66947;-4.012682
-6.38773;7.240066;-4.185065
-5.5737014;7.393295;-3.715801
-3.9935284;7.067683;-3.4763808
-2.6431987;6.0046577;-3.9264908
-2.1547816;4.2904096;-4.6926355
-1.9440918;3.3327289;-4.951209
-1.2258313;2.7964275;-4.003105
-0.076614454;1.8962077;-1.4652514
1.1013328;1.9440918;1.4556746
0.9672575;4.6926355;5.755661
1.9632454;8.772355;8.973468
0.7565677;9.184157;10.553641
-3.3518825;9.088389;10.237606
-8.571242;9.289502;10.208876
-12.124237;8.389283;11.760319
-12.363658;8.963891;13.790602
-11.022904;11.262324;14.978126
-9.528923;15.150508;15.045163
-8.24563;16.864758;12.277467
-8.197746;15.466543;11.453861
-9.184157;14.403518;10.457873
-10.43872;14.518439;7.07726
-11.415554;12.4785795;4.414908
-12.727576;9.414001;3.0358477
-14.54717;7.374141;0.16280572
-16.558298;5.2863975;-1.5227122
-17.439365;2.6719291;-2.3558946
-17.046717;0.45968673;-2.825158
-15.849615;-1.2641385;-3.265691
-14.279019;-2.3654714;-3.6296098
-13.2351465;-3.3901896;-3.8019924
-12.53604;-4.462792;-3.514688
-12.966996;-5.0182467;-3.122039
-14.623784;-4.7022123;-3.8019924
-17.03714;-4.156334;-4.0414124
-18.282124;-3.8307228;-5.650316
-18.904617;-3.016694;-7.795521
-19.220652;-2.0111294;-7.929596
-18.454506;-0.019153614;-6.933608
-16.836027;1.9057846;-6.0046577
-15.610195;3.514688;-5.133168
-14.700398;3.169923;-3.7924154
-13.742718;1.2162545;-2.5187001
-10.524911;-0.18195933;-1.0247183
-6.090849;-1.8387469;1.2449849
-0.9959879;-2.0590134;3.8786068
3.3901896;-2.6527755;5.889736
5.755661;-2.834735;6.8761473
9.174581;-7.9008656;8.00621
12.555194;-8.858546;8.331821
15.217546;-9.097966;4.596867
17.381905;-9.643845;3.6487634
19.000385;-11.789049;2.7102363
17.439365;-8.552089;2.6144683
14.528016;-5.851429;3.074155
10.457873;-1.934515;4.644751
5.9280434;2.0015526;4.2521024
1.4173675;5.2480903;4.0797195
-1.0821792;7.393295;3.3997664
-2.4612393;8.561666;4.4915223
-3.3135753;9.576807;6.7708025
-2.5378537;9.768343;5.085284
-1.541866;8.379706;3.9456444
-0.91937345;6.847417;2.0398598
-2.3942018;6.0238113;-1.7046716
-6.301539;5.2480903;-5.439626
-12.08593;4.050989;-8.24563
-15.811308;2.7868507;-9.624691
-17.650055;1.532289;-9.825804
-15.610195;-0.23942018;-8.916007
-12.229582;-2.1164744;-7.5082164
-9.203311;-3.3039982;-6.2345014
-6.4643445;-4.185065;-5.4204726
-4.3861775;-5.305551;-4.855441
-2.7006595;-6.4260373;-5.1140146
-1.3790601;-7.52737;-7.153875
-0.80445176;-9.404425;-9.634268
-2.5378537;-11.291056;-11.81778
-4.6830587;-12.191275;-13.589489
-4.8362875;-12.287044;-11.061212
-3.9743748;-7.9391727;-8.015787
-3.7253778;-2.72939;-6.3206925
-5.209783;1.1971009;-4.5777135
-6.9144545;4.098873;-2.5953147
-8.130709;5.9759274;-1.9057846
-8.015787;7.393295;-1.685518
-7.785944;8.580819;-0.7661445
-7.52737;10.381259;0.9672575
-5.554548;12.0093155;3.1603463
-3.0358477;13.350069;5.746084
-1.388637;14.231135;6.540959
-1.0055647;13.666103;5.8322754
-0.17238252;12.08593;4.8841715
0.39264908;10.5919485;4.9895163
-0.22984336;10.869676;6.14831
-0.41180268;9.56723;5.592855
-1.4460979;8.1881695;2.432509
-2.27928;5.4300494;0.7565677
-1.6950948;3.7349546;2.4708161
0.32561144;4.76925;5.861006
3.083732;6.0046577;8.00621
2.2122424;3.8115692;9.155427
0.12449849;1.1875241;7.9487495
-2.0398598;0.7469909;8.820239
-2.0685902;2.0590134;10.295067
-1.6759412;2.4133554;8.896853
-0.7086837;-0.90979666;8.561666
-0.009576807;-1.2066777;9.32781
1.4173675;1.0247183;10.630256
2.8443117;3.4763808;13.560759
2.7964275;3.1124623;13.88637
2.882619;1.5514427;13.694834
2.9017725;1.1300632;12.670115
2.8443117;1.2641385;12.066776
3.0358477;1.6472107;11.36767
3.5529952;1.934515;10.314221
3.3327289;0.7182605;9.212888
2.7964275;0.15322891;8.255207
1.5801731;1.1204864;7.9583263
0.5746084;2.4612393;8.628703
-0.842759;1.9728222;10.486604
-1.5993267;-0.019153614;10.524911
-1.7812861;-1.3024458;9.864111
-2.0398598;-2.1547816;9.3182335
-2.2409728;-2.4229321;9.3182335
-2.767697;-1.8770541;8.973468
-3.2944214;-1.2258313;8.149862
-3.265691;-2.183512;8.456321
-2.6623523;-2.3558946;8.532935
-2.2409728;-1.1683705;8.341399
-2.1164744;-0.5746084;8.446744
-2.1164744;-0.5746084;8.935161
-1.982399;-0.5267244;9.595961
-1.685518;-0.37349546;9.758766
-1.8387469;-0.4309563;9.624691
-1.8674773;-0.50757074;9.251195
-1.340753;-0.2681506;9.346964
-1.1587936;-0.21068975;9.490616
-1.0821792;-0.17238252;9.241618
-1.13964;-0.58418524;8.820239
-1.4652514;-1.2641385;8.350976
-1.7429788;-1.4460979;8.446744
-1.3311762;-0.8619126;9.136273
-0.9576807;-0.6895301;9.356541
-0.58418524;-0.8331822;9.346964
-0.81402856;-0.641646;9.260772
-0.9672575;-0.2777274;9.251195
-1.0726024;-0.19153613;9.155427
-1.13964;-0.7661445;9.548077
-1.1587936;-0.61291564;9.643845
-0.92895025;-0.5267244;9.471462
-0.78529817;-0.7757214;9.174581
-0.842759;-0.47884035;8.925584
-0.7086837;-0.16280572;9.002198
-0.45010993;1.0342951;8.734048
-0.21068975;0.21068975;8.925584
0.08619126;0.842759;8.063671
0.23942018;0.59376204;8.073248
-0.1436521;-0.35434186;8.552089
-0.12449849;0.5650316;8.24563
-1.2258313;1.283292;13.8959465
-2.27928;0.81402856;11.329363
-1.9536686;0.4405331;9.873688
-1.5227122;1.0342951;9.864111
-1.1492168;1.1971009;9.873688
-0.7278373;1.292869;9.461885
-0.2777274;1.0821792;9.404425
0.19153613;0.78529817;8.312668
0.48841715;0.29688102;7.9966335
0.6703765;-0.31603462;7.833828
0.79487497;-0.4309563;7.8912888
0.89064306;-0.39264908;8.552089
0.7086837;-0.49799395;9.710882
0.31603462;-0.29688102;9.739613
0.10534488;0.047884032;9.030929
-0.038307227;0.4405331;8.628703
0.047884032;0.40222588;8.714894
0.12449849;0.22984336;8.896853
0.11492168;0.047884032;8.973468
0.047884032;0.08619126;9.481039
0.21068975;0.19153613;9.481039
0.41180268;0.23942018;9.423578
0.35434186;0.1340753;9.385271
0.23942018;0.06703765;9.270349
0.23942018;0.23942018;9.346964
0.019153614;0.0;9.5385
-0.21068975;-0.25857377;9.519346
-0.22026655;-0.22026655;9.251195
-0.095768064;-0.63206923;9.241618
0.11492168;-1.1109096;10.831368
0.45968673;-1.2545617;12.469003
0.6607997;-1.4077905;11.9135475
0.7182605;-0.6607997;10.170568
0.35434186;0.1340753;9.241618
-0.095768064;0.49799395;9.289502
-0.41180268;0.40222588;9.14585
-0.62249243;0.36391866;8.63828
-0.8714894;0.50757074;8.350976
-1.0630256;0.60333884;9.155427
-0.78529817;0.58418524;9.346964
-0.36391866;0.41180268;9.289502
-0.10534488;0.29688102;9.500193
-0.12449849;0.4213795;9.557653
-0.20111294;0.51714754;9.509769
-0.19153613;0.29688102;9.404425
-0.25857377;0.20111294;9.174581
-0.4309563;0.1340753;9.423578
-0.59376204;0.35434186;9.509769
-0.5363012;0.6895301;9.184157
-0.41180268;0.7182605;8.935161
-0.6512229;0.50757074;9.241618
-0.94810385;0.4405331;9.414001
-0.9672575;0.4309563;9.270349
-0.79487497;0.36391866;9.184157
-0.47884035;0.30645782;9.212888
-0.2777274;0.20111294;9.500193
-0.17238252;0.19153613;9.816227
-0.06703765;0.1436521;9.557653
-0.009576807;0.29688102;9.107543
-0.18195933;0.40222588;9.030929
-0.33518824;0.41180268;9.337387
-0.39264908;0.33518824;9.452309
-0.47884035;0.38307226;9.414001
-0.62249243;0.5267244;9.528923
-0.545878;0.5363012;9.414001
-0.40222588;0.4213795;9.174581
-0.34476504;0.31603462;9.375694
-0.10534488;0.40222588;9.356541
-0.02873042;0.39264908;9.193734
-0.019153614;0.34476504;9.174581
-0.2681506;0.33518824;9.3182335
-0.49799395;0.31603462;9.653421
-0.50757074;0.31603462;9.634268
-0.40222588;0.29688102;9.519346
-0.36391866;0.34476504;9.471462
-0.37349546;0.41180268;9.308656
-0.32561144;0.41180268;9.165004
-0.24899697;0.38307226;9.136273
-0.21068975;0.2873042;9.203311
-0.21068975;0.33518824;9.299079
-0.2777274;0.45968673;9.308656
-0.31603462;0.48841715;9.3182335
-0.29688102;0.40222588;9.32781
-0.2681506;0.37349546;9.375694
-0.31603462;0.45010993;9.452309
-0.34476504;0.61291564;9.375694
-0.4213795;0.59376204;9.337387
-0.4213795;0.45010993;9.356541
-0.39264908;0.37349546;9.3182335
-0.4405331;0.48841715;9.308656
-0.51714754;0.60333884;9.414001
-0.48841715;0.63206923;9.3182335
-0.4213795;0.641646;9.279925
-0.37349546;0.61291564;9.346964
-0.39264908;0.6799533;9.279925
-0.4213795;0.61291564;9.3661175
-0.41180268;0.5267244;9.385271
-0.38307226;0.4405331;9.279925
-0.4405331;0.47884035;9.299079
-0.41180268;0.545878;9.346964
-0.38307226;0.60333884;9.394848
-0.38307226;0.545878;9.423578
-0.41180268;0.51714754;9.433155
-0.5267244;0.63206923;9.3182335
-0.5746084;0.7278373;9.14585
-0.545878;0.6991069;9.174581
-0.49799395;0.6512229;9.3182335
-0.48841715;0.5554548;9.32781
-0.5267244;0.5746084;9.404425
-0.45968673;0.6607997;9.32781
-0.45968673;0.6607997;9.375694
-0.5363012;0.6991069;9.414001
-0.5650316;0.7278373;9.3661175
-0.5363012;0.7086837;9.356541
-0.4213795;0.5746084;9.241618
-0.39264908;0.60333884;9.385271
-0.4309563;0.61291564;9.394848
-0.58418524;0.6512229;9.404425
-0.63206923;0.6799533;9.356541
-0.61291564;0.60333884;9.3661175
-0.5267244;0.59376204;9.346964
-0.47884035;0.63206923;9.32781
-0.49799395;0.6512229;9.3661175
-0.49799395;0.6895301;9.251195
-0.49799395;0.641646;9.193734
-0.5267244;0.59376204;9.241618
-0.5554548;0.58418524;9.241618
-0.58418524;0.63206923;9.193734
-0.641646;0.5650316;9.375694
-0.63206923;0.48841715;9.481039
-0.46926352;0.47884035;9.471462
-0.48841715;0.6895301;9.337387
-0.5363012;0.78529817;9.193734
-0.58418524;0.7278373;9.174581
-0.58418524;0.62249243;9.270349
-0.6512229;0.61291564;9.433155
-0.641646;0.61291564;9.471462
-0.59376204;0.63206923;9.442732
-0.46926352;0.61291564;9.289502
-0.4309563;0.5746084;9.212888
-0.545878;0.6799533;9.251195
-0.63206923;0.7182605;9.270349
-0.61291564;0.641646;9.346964
-0.545878;0.58418524;9.32781
-0.47884035;0.60333884;9.337387
-0.5267244;0.6703765;9.32781
-0.5363012;0.6799533;9.241618
-0.5267244;0.5746084;9.232041
-0.58418524;0.545878;9.193734
-0.641646;0.5554548;9.260772
-0.6607997;0.47884035;9.433155
-0.63206923;0.46926352;9.394848
-0.59376204;0.59376204;9.3661175
-0.545878;0.6512229;9.433155
-0.50757074;0.7182605;9.299079
-0.5267244;0.7182605;9.222465
-0.50757074;0.6512229;9.212888
-0.58418524;0.62249243;9.212888
-0.58418524;0.6607997;9.308656
-0.60333884;0.6512229;9.3182335
-0.6512229;0.5746084;9.375694
-0.7757214;0.51714754;9.375694
-0.8619126;0.51714754;9.346964
-0.8619126;0.545878;9.337387
-0.7086837;0.49799395;9.404425
-0.5650316;0.4309563;9.308656
-0.48841715;0.46926352;9.299079
-0.45968673;0.6703765;9.260772
-0.30645782;0.7182605;9.203311
-0.23942018;0.641646;9.289502
-0.37349546;0.5363012;9.433155
-0.60333884;0.49799395;9.442732
-0.80445176;0.51714754;9.404425
-0.8714894;0.5554548;9.385271
-0.82360536;0.641646;9.337387
-0.9576807;0.7661445;9.3182335
-1.1109096;0.842759;9.232041
-1.0534488;0.8714894;9.155427
-0.8810662;0.8714894;9.030929
-0.7086837;0.6895301;9.279925
-0.51714754;0.50757074;9.433155
-0.38307226;0.46926352;9.385271
-0.41180268;0.5363012;9.385271
-0.45968673;0.63206923;9.337387
-0.5650316;0.7086837;9.442732
-0.6991069;0.7469909;9.32781
-0.82360536;0.7086837;9.232041
-0.93852705;0.7565677;9.212888
-0.82360536;0.7278373;9.3182335
-0.5746084;0.5554548;9.423578
-0.4309563;0.37349546;9.662998
-0.40222588;0.32561144;10.0269165
-0.34476504;0.51714754;9.797073
-0.24899697;0.6703765;9.346964
-0.24899697;0.7278373;9.078813
-0.5746084;0.7086837;9.461885
-0.82360536;0.8619126;9.3182335
-0.8619126;0.9576807;8.676587
-0.8714894;1.0342951;8.274361
-0.9959879;0.9768343;8.63828
-1.0151415;0.90021986;9.212888
-0.92895025;0.7757214;9.519346
-0.81402856;0.7086837;9.461885
-0.7565677;0.545878;9.509769
-0.79487497;0.36391866;9.557653
-0.8523358;0.25857377;9.452309
-0.82360536;0.37349546;9.203311
-0.81402856;0.59376204;9.184157
-0.80445176;0.4309563;9.394848
-0.90979666;0.06703765;9.710882
-1.0055647;0.095768064;9.548077
-0.9768343;0.22026655;9.308656
-1.0342951;0.29688102;9.260772
-1.0055647;0.2777274;9.375694
-1.0055647;0.23942018;9.14585
-1.1971009;0.16280572;9.32781
-1.2258313;0.10534488;9.059659
-1.4460979;0.25857377;9.136273
-1.6663644;0.2873042;9.289502
-1.7717092;0.2873042;9.193734
-1.934515;0.2681506;9.279925
-1.8579005;0.22026655;9.32781
-1.6280571;0.41180268;8.791509
-1.5610195;0.38307226;8.820239
-1.7429788;0.20111294;8.714894
-1.9536686;-0.08619126;9.126697
-2.480393;-0.15322891;9.662998
-2.9400797;-0.12449849;9.672575
-2.7102363;-0.06703765;8.944737
-2.4612393;0.11492168;8.887277
-2.920926;0.15322891;9.040505
-3.371036;0.1340753;9.270349
-3.2944214;0.038307227;9.069236
-3.064578;0.06703765;8.561666
-3.2273839;0.1436521;8.312668
-3.3135753;0.17238252;8.552089
-3.3135753;0.21068975;8.839393
-3.4859576;0.15322891;8.418014
-3.620033;0.25857377;8.379706
-3.7253778;0.31603462;8.724471
-4.003105;0.18195933;8.63828
-4.2904096;-0.019153614;8.561666
-4.0892963;-0.30645782;8.628703
-4.606444;0.1340753;8.312668
-4.807557;0.15322891;8.054094
-4.7788267;0.1340753;8.350976
-4.8267107;0.038307227;8.24563
-5.1140146;-0.05746084;8.054094
-5.3247046;-0.05746084;7.9391727
-5.401319;-0.02873042;7.651869
-5.535394;-0.05746084;7.575254
-5.6120086;-0.009576807;7.3166804
-5.66947;-0.08619126;7.422025
-5.813122;-0.047884032;7.4028716
-5.803545;-0.02873042;7.5082164
-5.9663506;-0.05746084;7.431602
-6.2823853;0.08619126;7.1251445
-6.7612257;0.08619126;6.646304
-7.7093296;0.1340753;7.2113357
-7.2209125;-0.30645782;7.824251
-6.5122285;-0.5554548;6.6846113
-6.6654577;-0.30645782;6.244078
-7.2592196;-0.24899697;5.5737014
-7.9391727;-0.7661445;5.2863975
-7.9870567;-1.6089035;5.449203
-7.833828;-1.7812861;5.410896
-8.0924015;-1.283292;4.960786
-8.456321;-0.7086837;4.8362875
-8.2169;-0.842759;4.7788267
-8.178593;-1.5610195;4.271256
-8.446744;-1.685518;3.8977604
-8.571242;-1.283292;3.6870706
-8.504205;-1.1300632;3.6391866
-8.456321;-1.3599066;3.5051112
-8.6095495;-1.3503298;3.1986535
-8.973468;-1.3215994;2.9975405
-9.509769;-1.7429788;2.3463178
-9.931149;-2.078167;2.0973208
-9.825804;-2.2505496;2.3942018
-9.299079;-1.8483237;2.1930888
-8.6095495;-1.1779473;1.9440918
-8.169016;-0.545878;1.9728222
-8.743625;-1.0342951;1.7525556
-9.988609;-1.5131354;1.4939818
-10.381259;-1.6280571;1.5131354
-10.199299;-1.4748282;1.5514427
-9.768343;-1.1971009;1.2641385
-9.3182335;-1.13964;1.1683705
-9.3661175;-1.3982137;1.1109096
-9.222465;-1.4939818;1.0726024
-9.260772;-1.3790601;1.0534488
-9.299079;-1.2162545;1.1492168
-9.471462;-1.1013328;0.9959879
-9.528923;-1.13964;0.9576807
-9.605537;-1.2066777;0.9768343
-9.691729;-1.1204864;0.91937345
-9.557653;-0.9959879;0.7469909
-9.308656;-0.7661445;0.5554548
-9.126697;-0.79487497;0.50757074
-9.375694;-1.0534488;0.41180268
-10.04607;-1.292869;0.22984336
-9.787497;-1.1013328;0.22984336
-9.394848;-0.9768343;0.17238252
-9.279925;-0.9768343;0.18195933
-9.461885;-0.9768343;0.23942018
-9.653421;-1.0055647;0.19153613
-9.950302;-1.0726024;0.15322891
-10.04607;-1.0342951;0.19153613
-9.797073;-1.1109096;0.15322891
-9.643845;-1.1013328;0.06703765
-9.528923;-1.0726024;0.15322891
-9.548077;-1.0630256;0.19153613
-9.605537;-1.0726024;0.17238252
-9.672575;-1.091756;0.1436521
-9.730036;-1.1492168;0.047884032
-9.739613;-1.1109096;0.095768064
-9.672575;-1.0534488;0.16280572
-9.739613;-1.0726024;0.1340753
-9.931149;-1.2449849;0.18195933
-10.247183;-1.3120226;0.019153614
-10.084377;-1.13964;0.047884032
-9.768343;-0.89064306;0.047884032
-9.519346;-0.7661445;0.076614454
-9.481039;-0.7182605;0.009576807
-9.557653;-0.6991069;-0.047884032
-9.672575;-0.7086837;-0.02873042
-9.643845;-0.6991069;-0.02873042
-9.586384;-0.6895301;-0.1340753
-9.586384;-0.7182605;-0.21068975
-9.701305;-0.7565677;-0.18195933
-9.749189;-0.82360536;-0.16280572
-9.701305;-0.82360536;-0.15322891
-9.653421;-0.7661445;-0.095768064
-9.662998;-0.6512229;-0.047884032
-9.720459;-0.62249243;-0.02873042
-9.902418;-0.6991069;0.047884032
-9.998186;-0.79487497;0.076614454
-9.883265;-0.7661445;0.095768064
-9.749189;-0.641646;0.02873042
-9.586384;-0.5267244;-0.076614454
-9.519346;-0.50757074;-0.1340753
-9.586384;-0.5363012;-0.047884032
-9.682152;-0.59376204;-0.038307227
-9.701305;-0.545878;-0.05746084
-9.720459;-0.50757074;-0.11492168
-9.672575;-0.46926352;-0.17238252
-9.643845;-0.51714754;-0.16280572
-9.710882;-0.5650316;-0.02873042
-9.797073;-0.50757074;0.0
-9.825804;-0.49799395;0.0
-9.825804;-0.5363012;-0.06703765
-9.797073;-0.545878;-0.05746084
-9.682152;-0.5363012;0.02873042
-9.662998;-0.49799395;-0.038307227
-9.682152;-0.45968673;-0.08619126
-9.77792;-0.49799395;-0.047884032
-9.662998;-0.48841715;-0.019153614
-9.653421;-0.39264908;-0.05746084
-9.672575;-0.35434186;-0.095768064
-9.720459;-0.39264908;-0.11492168
-9.701305;-0.45968673;-0.18195933
-9.720459;-0.50757074;-0.20111294
-9.701305;-0.50757074;-0.21068975
-9.710882;-0.45968673;-0.25857377
-9.720459;-0.50757074;-0.2681506
-9.691729;-0.545878;-0.23942018
-9.691729;-0.5267244;-0.23942018
-9.691729;-0.51714754;-0.19153613
-9.797073;-0.49799395;-0.20111294
-9.787497;-0.48841715;-0.23942018
-9.787497;-0.49799395;-0.21068975
-9.825804;-0.51714754;-0.19153613
-9.80665;-0.50757074;-0.076614454
-9.77792;-0.5363012;-0.02873042
-9.80665;-0.38307226;0.10534488
-9.768343;-0.36391866;0.60333884
-9.758766;-0.545878;0.30645782
-9.452309;-0.45010993;0.59376204
-9.308656;-0.10534488;0.7469909
-9.385271;-0.019153614;0.842759
-9.643845;-0.24899697;0.2873042
-9.739613;-0.47884035;0.4213795
-9.739613;-0.545878;0.89064306
-9.816227;-0.5554548;1.3599066
-9.883265;-0.641646;1.7238252
-9.768343;-0.7661445;1.934515
-9.595961;-0.7469909;1.9057846
-9.346964;-0.49799395;2.327164
-8.858546;-0.18195933;3.5242648
-9.011775;-0.48841715;3.3135753
-9.097966;-0.5363012;3.3901896
-9.059659;-0.58418524;3.1794999
-8.90643;-0.4405331;3.4476504
-8.542512;-0.6991069;3.7924154
-8.312668;-0.641646;4.4915223
-8.130709;-0.49799395;5.1235914
-7.632715;-0.22984336;5.554548
-6.8665705;-0.009576807;5.793968
-6.4068837;-0.36391866;5.90889
-6.5122285;-0.5554548;5.995081
-6.6175733;-0.60333884;6.301539
-6.5122285;-0.50757074;6.799533
-6.3685765;-0.45010993;7.335834
-5.889736;-0.6799533;7.872135
-5.4204726;-0.80445176;8.169016
-5.094861;-0.62249243;8.264784
-4.6160207;-0.45968673;8.1881695
-4.462792;-0.4213795;8.485051
-4.0701427;-0.47884035;8.983045
-3.4093432;-0.4405331;9.088389
-2.930503;-0.641646;9.040505
-2.8634653;-0.6703765;9.768343
-2.5474305;-0.842759;9.251195
-2.2505496;-0.6991069;9.3661175
-1.8483237;-0.36391866;9.222465
-1.3790601;-0.22026655;8.571242
-1.091756;-0.29688102;9.078813
-0.79487497;-0.41180268;9.605537
-0.7086837;-0.45968673;9.662998
-0.8619126;-0.4405331;9.5385
-1.4748282;0.038307227;10.1226845
-1.2737153;0.7469909;10.697293
-0.90979666;1.0630256;10.304645
-0.58418524;1.2162545;9.9790325
0.076614454;0.9959879;9.730036
1.340753;0.22026655;9.165004
1.8387469;0.18195933;7.1826053
2.1452048;0.5650316;7.1634517
1.8674773;1.685518;9.509769
1.1492168;1.2066777;9.902418
1.1492168;1.1013328;9.911995
1.4077905;1.4652514;9.174581
2.0973208;1.7908629;8.331821
2.5570073;1.532289;7.728483
2.681506;0.9672575;8.791509
2.9496565;0.61291564;9.864111
2.4516625;2.078167;8.7053175
2.432509;2.3558946;8.446744
2.327164;2.0973208;8.801085
2.4899697;1.7046716;9.193734
2.9783869;2.1068976;9.203311
3.4380736;2.0685902;8.810662
3.074155;1.8291701;9.461885
2.9879637;2.0973208;9.279925
3.1124623;1.8674773;9.471462
3.2944214;2.183512;8.944737
3.2465374;2.480393;8.676587
3.323152;2.5474305;8.0924015
3.3423057;2.7006595;7.603985
3.667917;2.719813;7.1251445
4.1946416;2.633622;7.086837
4.817134;2.528277;7.536947
5.094861;2.4420857;7.5561004
5.2385135;2.0685902;7.7093296
5.535394;1.8866309;7.8529816
5.8322754;1.8962077;7.431602
6.751649;1.541866;7.8529816
6.83784;1.6472107;6.7612257
6.5122285;0.80445176;5.046977
6.6271505;0.7469909;4.548983
7.728483;0.6703765;4.912902
8.082825;0.37349546;5.861006
8.475474;0.16280572;5.717354
8.293514;0.08619126;5.851429
7.920019;-0.22984336;6.4643445
7.872135;-0.4309563;6.033388
7.565677;-0.08619126;4.3957543
7.8146744;0.22984336;4.1946416
8.169016;0.05746084;4.405331
8.7053175;-0.038307227;4.4340615
8.714894;0.16280572;3.8115692
8.523358;0.32561144;3.3518825
8.714894;0.31603462;3.1507695
9.030929;0.20111294;3.1124623
9.078813;-0.1340753;3.2944214
8.599973;-0.33518824;3.8786068
8.494628;-0.41180268;4.0701427
8.24563;-0.6799533;3.7253778
8.829816;-0.38307226;3.5051112
9.040505;-0.39264908;3.6104562
8.963891;0.038307227;3.3997664
8.590396;0.08619126;2.681506
8.7053175;0.15322891;2.633622
9.136273;0.36391866;2.882619
9.308656;0.10534488;2.7868507
9.193734;-0.05746084;3.0550013
9.174581;-0.2873042;2.6623523
9.270349;0.019153614;2.566584
9.11712;0.02873042;1.6089035
9.299079;0.16280572;1.8483237
9.605537;-0.15322891;1.5993267
9.998186;-0.10534488;0.842759
10.237606;0.17238252;0.7661445
10.1226845;-0.12449849;0.545878
10.199299;-0.21068975;0.60333884
9.787497;-0.22026655;0.49799395
9.5385;-0.30645782;0.32561144
9.873688;-0.4405331;-0.40222588
10.036493;-0.47884035;-0.38307226
9.720459;-0.019153614;-0.047884032
9.346964;0.08619126;0.16280572
9.3182335;0.08619126;0.095768064
9.528923;0.1340753;-0.18195933
9.720459;0.17238252;-0.05746084
9.835381;0.12449849;0.009576807
9.80665;-0.11492168;-0.12449849
9.835381;-0.22026655;-0.08619126
9.969456;-0.31603462;-0.34476504
10.007763;-0.25857377;-0.2777274
9.969456;-0.30645782;-0.19153613
9.940725;-0.51714754;-0.17238252
10.036493;-0.35434186;-0.20111294
9.749189;-0.18195933;-0.48841715
9.605537;-0.12449849;-0.48841715
9.758766;-0.076614454;-0.5746084
9.768343;-0.11492168;-0.89064306
9.787497;-0.05746084;-0.80445176
9.701305;-0.009576807;-0.60333884
9.710882;0.05746084;-0.5650316
9.739613;0.08619126;-0.6607997
9.720459;0.02873042;-0.79487497
9.80665;-0.12449849;-0.6607997
9.873688;-0.038307227;-0.6991069
9.835381;0.0;-0.641646
9.768343;0.06703765;-0.6895301
9.730036;0.05746084;-1.0151415
9.739613;0.038307227;-1.0342951
9.80665;-0.02873042;-1.0151415
9.921572;0.009576807;-1.1204864
9.911995;0.06703765;-1.0151415
9.873688;0.15322891;-0.93852705
9.749189;0.1340753;-0.82360536
9.730036;0.095768064;-0.7182605
9.749189;0.06703765;-0.78529817
9.835381;0.11492168;-0.91937345
9.864111;0.095768064;-0.94810385
9.825804;0.15322891;-0.8331822
9.816227;0.1340753;-0.79487497
9.816227;0.08619126;-0.7661445
9.739613;-0.038307227;-0.79487497
9.758766;0.038307227;-0.89064306
9.662998;0.076614454;-0.6895301
9.768343;0.22026655;-0.47884035
10.266336;0.22026655;0.81402856
9.797073;0.1436521;0.24899697
9.155427;-0.08619126;0.019153614
9.270349;0.49799395;0.48841715
9.414001;0.79487497;0.30645782
9.720459;1.3024458;0.89064306
9.911995;1.3024458;1.2066777
9.586384;0.94810385;1.7621324
8.992621;0.6991069;2.3654714
8.66701;0.61291564;3.0358477
8.590396;0.59376204;2.9879637
8.418014;0.48841715;3.3518825
8.350976;0.61291564;3.6008794
7.97748;0.842759;3.8019924
7.6135616;0.8810662;3.7828386
7.383718;0.8619126;4.185065
7.1826053;0.5267244;4.7022123
6.847417;0.80445176;5.5258174
6.540959;0.6799533;5.7748146
6.090849;0.36391866;6.1866174
6.0621185;0.15322891;6.885724
5.93762;0.19153613;7.383718
5.353435;0.1436521;8.00621
4.55856;0.009576807;8.695741
4.213795;0.39264908;9.107543
3.9264908;0.9768343;9.107543
3.3518825;1.1779473;8.90643
2.5953147;1.2354081;8.532935
1.8483237;1.3982137;8.456321
1.388637;1.2449849;9.816227
0.82360536;1.3790601;10.199299
0.5554548;1.5897499;10.457873
0.37349546;1.4077905;10.783484
0.2873042;1.6663644;9.969456
0.20111294;1.685518;9.749189
0.0;1.541866;9.528923
0.12449849;1.7238252;9.32781
0.16280572;1.6663644;8.992621
0.25857377;1.532289;9.078813
0.12449849;1.5227122;9.212888
0.009576807;1.5610195;9.519346
-0.21068975;1.5801731;10.007763
-0.39264908;1.4556746;10.448297
-0.22026655;1.5131354;10.342952
-0.37349546;1.9153614;9.375694
-0.35434186;1.7908629;9.088389
-0.16280572;1.982399;8.935161
-0.18195933;2.1739352;9.260772
-0.038307227;2.087744;9.490616
0.095768064;2.1739352;9.232041
0.095768064;2.2984335;9.069236
0.047884032;2.4133554;8.983045
0.18195933;2.3558946;9.021352
0.1436521;2.2888567;9.030929
0.22026655;2.1930888;9.11712
0.16280572;2.2697031;9.11712
0.05746084;2.4708161;9.078813
-0.009576807;2.7389667;8.896853
-0.02873042;3.4093432;8.935161
0.17238252;3.3901896;8.935161
0.1340753;3.3614593;8.963891
0.038307227;3.5242648;8.868123
0.02873042;3.8498764;8.714894
0.12449849;4.0701427;8.7053175
0.11492168;4.060566;8.695741
0.0;3.9073372;8.829816
-0.22984336;4.0414124;8.6095495
-0.24899697;4.1276035;8.350976
-0.2873042;4.357447;8.360553
-0.29688102;4.644751;8.2169
-0.41180268;4.6830587;8.0924015
-0.4405331;4.5872903;8.149862
-0.50757074;4.759673;8.121132
-0.41180268;5.0374002;7.8625584
-0.25857377;5.3438582;7.565677
-0.1340753;5.765238;7.383718
-0.06703765;5.650316;7.4603324
-0.05746084;5.7269306;7.469909
-0.10534488;6.033388;7.297527
-0.12449849;6.14831;7.1347213
-0.18195933;6.301539;7.240066
-0.33518824;6.2728086;7.469909
-0.40222588;6.4547677;7.2304893
-0.23942018;6.5122285;7.240066
-0.29688102;6.588843;7.1251445
-0.2681506;6.9048777;7.067683
-0.16280572;6.847417;7.038953
-0.06703765;6.943185;6.445191
-0.009576807;7.249643;6.0525417
0.15322891;7.3549876;5.803545
0.15322891;7.383718;5.6982
-0.047884032;7.479486;5.497087
0.047884032;7.7093296;5.410896
-0.009576807;7.7093296;5.2863975
-0.24899697;7.73806;5.133168
-0.37349546;7.7189064;5.00867
-0.25857377;7.776367;4.903325
-0.095768064;7.9966335;4.903325
-0.05746084;7.97748;4.8362875
-0.038307227;8.034941;4.5298295
-0.076614454;8.264784;4.261679
0.06703765;8.350976;4.175488
-0.16280572;8.446744;3.8786068
-0.16280572;8.561666;3.7349546
-0.5363012;8.887277;3.6966474
-0.34476504;9.059659;3.667917
-0.23942018;8.858546;3.6583402
-0.12449849;8.858546;3.7253778
-0.1340753;8.935161;3.7732618
-0.19153613;8.973468;3.8786068
-0.35434186;8.8777;3.6774938
-0.5363012;8.829816;3.3997664
-0.46926352;8.896853;3.1986535
-0.34476504;9.030929;3.1411927
-0.34476504;9.097966;3.265691
-0.39264908;9.002198;2.9400797
-0.4309563;8.944737;2.9496565
-0.39264908;8.954314;2.882619
-0.24899697;9.078813;2.882619
-0.1436521;9.356541;2.873042
-0.22026655;9.308656;2.7868507
-0.2873042;9.289502;2.719813
-0.35434186;9.299079;2.5091233
-0.40222588;9.289502;2.4229321
-0.40222588;9.346964;2.528277
-0.46926352;9.442732;2.2984335
-0.46926352;9.452309;2.2601264
-0.40222588;9.375694;2.2409728
-0.49799395;9.289502;1.9440918
-0.5363012;9.337387;1.5131354
-0.39264908;9.404425;1.532289
-0.40222588;9.471462;1.3503298
-0.45010993;9.481039;1.2641385
-0.4213795;9.5385;1.2545617
-0.45968673;9.528923;1.0726024
-0.4309563;9.519346;1.0151415
-0.38307226;9.586384;0.9768343
-0.41180268;9.595961;0.89064306
-0.4405331;9.576807;0.7661445
-0.45010993;9.519346;0.7086837
-0.4405331;9.461885;0.62249243
-0.39264908;9.471462;0.5650316
-0.30645782;9.452309;0.59376204
-0.29688102;9.481039;0.58418524
-0.22026655;9.461885;0.7182605
-0.2873042;9.634268;1.4269443
-0.58418524;9.662998;2.2409728
-0.61291564;9.414001;2.3080103
-0.6991069;9.155427;2.7868507
-0.61291564;9.021352;3.4763808
-0.6607997;8.944737;3.6487634
-1.0534488;8.916007;3.9743748
-1.436521;8.389283;3.5913026
-1.2641385;8.00621;4.0414124
-1.2545617;7.8625584;4.3766007
-1.3311762;7.9104424;5.592855
-1.043872;7.469909;6.4164605
-1.0821792;7.1251445;6.5218053
-1.283292;6.8282633;6.3302693
-1.292869;6.531382;6.6846113
-1.0534488;6.1195793;7.345411
-1.0247183;6.0046577;7.728483
-1.1109096;5.765238;7.383718
-1.2641385;5.535394;7.2687964
-1.340753;5.4683566;7.4124484
-1.2545617;5.4300494;7.824251
-1.1204864;5.104438;8.063671
-1.0342951;4.759673;8.063671
-1.13964;4.759673;8.0924015
-1.0726024;4.4340615;8.408437
-1.1204864;4.3766007;8.542512
-1.13964;3.964798;8.360553
-1.1779473;3.6870706;8.293514
-1.091756;3.4859576;8.66701
-1.0821792;3.3997664;8.829816
-1.2737153;3.3806129;8.66701
-1.2641385;3.2273839;8.781932
-1.2354081;3.0358477;8.858546
-1.1875241;2.873042;9.011775
-1.2641385;2.767697;8.983045
-1.2641385;2.5953147;8.916007
-1.388637;2.4708161;8.896853
-1.4077905;2.3942018;8.925584
-1.4077905;2.2026656;8.983045
-1.3024458;2.0685902;9.222465
-1.2737153;2.1452048;9.11712
-1.292869;2.0494366;9.203311
-1.4556746;1.9057846;9.002198
-1.5801731;1.7908629;8.90643
-1.4748282;1.7429788;9.14585
-1.4173675;1.7717092;9.212888
-1.3311762;1.8195933;9.308656
-1.340753;1.8483237;9.299079
-1.5035586;1.8004397;9.136273
-1.5801731;1.5227122;9.011775
-1.5610195;1.4173675;9.11712
-1.4939818;1.436521;9.241618
-1.4556746;1.5131354;9.337387
-1.4748282;1.4652514;9.212888
-1.5993267;1.3215994;9.069236
-1.6472107;1.1204864;9.14585
-1.6280571;1.0247183;9.270349
-1.6567876;0.9959879;9.404425
-1.5801731;0.89064306;9.452309
-1.6089035;0.6991069;9.346964
-1.8483237;0.58418524;9.155427
-1.8195933;0.47884035;9.126697
-1.7142484;0.2873042;9.212888
-1.7046716;0.1436521;9.232041
-1.8291701;0.15322891;9.346964
-1.7046716;-0.11492168;9.11712
-1.9057846;-0.16280572;9.059659
-1.9728222;-0.10534488;9.203311
-1.9632454;-0.2777274;9.32781
-1.9249382;-0.50757074;9.404425
-2.0398598;-0.7086837;9.184157
-2.0494366;-1.0151415;9.069236
-1.982399;-1.1779473;9.021352
-2.0111294;-1.4556746;9.097966
-2.1547816;-1.685518;9.050082
-2.27928;-1.9153614;8.887277
-2.4037786;-2.1260512;8.628703
-2.3080103;-2.327164;8.743625
-2.2888567;-2.3750482;8.734048
-2.3463178;-2.4612393;8.6095495
-2.3463178;-2.7485435;8.437167
-2.432509;-3.1794999;8.350976
-2.681506;-3.4859576;8.322245
-2.719813;-3.6104562;8.0924015
-2.834735;-3.7541082;7.872135
-2.9592333;-3.8977604;7.8625584
-3.1124623;-3.9839516;7.929596
-3.0262709;-3.916914;7.8529816
-2.7964275;-4.2999864;7.632715
-2.4995465;-4.7405195;7.872135
-2.3942018;-4.8362875;7.9104424
-1.9728222;-4.8362875;8.0924015
-2.087744;-4.9416323;7.6231384
-2.4420857;-5.2768207;6.789956
-2.4229321;-5.7269306;6.588843
-2.3942018;-6.0142345;6.742072
-2.0494366;-5.899313;6.9048777
-2.087744;-5.6982;6.2728086
-2.5953147;-6.3685765;4.903325
-2.920926;-7.3071036;4.7022123
-2.3750482;-7.690176;4.6160207
-2.7389667;-8.360553;5.1810527
-3.0071173;-9.021352;3.5051112
-3.0933087;-9.768343;2.7389667
-2.6910827;-10.132261;2.8443117
-2.4708161;-10.218452;2.5570073
-2.2984335;-9.816227;2.4037786
-2.1452048;-9.3661175;2.4420857
-2.0494366;-8.925584;2.336741
-1.9728222;-8.647857;2.135628
-1.9440918;-8.552089;1.8195933
-1.7812861;-8.628703;1.340753
-1.7717092;-8.781932;1.0821792
-1.6759412;-8.944737;0.9768343
-1.6376339;-9.11712;0.7278373
-1.541866;-9.097966;0.61291564
-1.4269443;-9.155427;0.48841715
-1.2162545;-9.308656;0.06703765
-1.2449849;-9.643845;0.19153613
-1.0821792;-9.720459;0.545878
-1.043872;-9.653421;0.6895301
-1.0534488;-9.452309;0.5746084
-1.0726024;-9.241618;0.4405331
-1.1109096;-9.394848;0.4213795
-1.0534488;-9.3661175;0.48841715
-1.0726024;-9.3182335;0.22026655
-1.0630256;-9.289502;0.16280572
-1.13964;-9.356541;0.009576807
-1.1971009;-9.5385;-0.21068975
-1.0821792;-9.624691;-0.30645782
-0.9864111;-9.682152;-0.45010993
-0.9576807;-9.672575;-0.2681506
-1.0151415;-9.615114;-0.16280572
-1.1013328;-9.653421;-0.4213795
-1.0534488;-9.662998;-0.4309563
-0.9576807;-9.586384;-0.2681506
-0.89064306;-9.557653;-0.25857377
-0.90021986;-9.56723;-0.23942018
-0.92895025;-9.653421;-0.1436521
-0.94810385;-9.624691;-0.23942018
-0.91937345;-9.615114;-0.37349546
-0.8810662;-9.5385;-0.36391866
-0.8714894;-9.500193;-0.30645782
-0.94810385;-9.500193;-0.2873042
-0.8523358;-9.500193;-0.22984336
-0.92895025;-9.500193;-0.30645782
-0.94810385;-9.5385;-0.2681506
-0.9672575;-9.595961;-0.2873042
-0.8619126;-9.56723;-0.20111294
-0.7757214;-9.433155;-0.05746084
-0.79487497;-9.442732;-0.019153614
-0.79487497;-9.615114;-0.06703765
-0.79487497;-9.672575;-0.076614454
-0.89064306;-9.634268;-0.32561144
-0.8810662;-9.634268;-0.41180268
-1.0055647;-9.720459;-0.50757074
-1.1779473;-9.892841;-0.59376204
-1.283292;-10.093954;-0.60333884
-1.1204864;-10.103531;-0.5363012
-1.1683705;-9.950302;-0.17238252
-1.4269443;-9.80665;-0.10534488
-1.6280571;-9.548077;0.51714754
-1.5610195;-9.232041;1.4269443
-1.13964;-8.619126;2.1068976
-1.0534488;-8.073248;2.6719291
-1.4173675;-8.283937;3.083732
-1.388637;-8.619126;3.6104562
-1.2066777;-8.264784;4.0318356
-0.93852705;-7.680599;4.865018
-0.7565677;-7.240066;5.4683566
-0.8619126;-6.885724;5.5641246
-0.90979666;-6.483498;5.90889
-0.6512229;-5.9280434;6.7612257
-0.29688102;-5.8322754;7.479486
-0.24899697;-5.3821654;7.651869
-0.21068975;-4.7309427;7.872135
0.0;-4.0414124;8.341399
0.1436521;-3.4859576;8.868123
0.33518824;-2.8634653;7.144298
0.16280572;-1.934515;8.169016
0.5363012;-1.3982137;8.695741
0.94810385;1.0630256;8.274361
1.3024458;1.7812861;8.207323
1.8195933;2.2697031;9.078813
2.087744;3.1124623;9.107543
2.0590134;4.1276035;8.389283
2.1643584;4.7788267;8.054094
1.6376339;4.865018;9.14585
2.1164744;5.267244;9.184157
1.9057846;5.6120086;7.642292
1.2737153;6.0046577;6.4643445
1.091756;6.2728086;6.5696893
1.1492168;6.8186865;6.7708025
1.2545617;7.1826053;6.339846
0.9959879;7.699753;6.2728086
0.8331822;8.101978;6.2345014
0.79487497;8.226477;5.650316
0.5554548;8.283937;4.8362875
0.58418524;8.341399;4.3957543
0.6703765;8.714894;4.367024
0.6607997;9.040505;3.323152
0.5554548;9.232041;2.4420857
0.6703765;9.260772;1.8291701
0.7086837;9.203311;1.6376339
0.7565677;9.136273;2.0015526
0.5746084;9.500193;1.2258313
0.58418524;9.672575;0.63206923
0.5650316;9.682152;0.58418524
0.545878;9.615114;0.45010993
0.7182605;9.710882;0.1340753
0.842759;9.77792;-0.047884032
0.90021986;9.80665;-0.641646
0.81402856;9.720459;-0.9768343
0.79487497;9.615114;-1.0821792
0.90021986;9.461885;-1.3024458
0.90021986;9.385271;-1.6663644
0.90021986;9.548077;-1.8770541
0.842759;9.595961;-1.7908629
0.81402856;9.682152;-1.733402
0.7661445;9.710882;-1.4652514
0.7565677;9.77792;-1.4269443
0.6799533;9.710882;-1.5227122
0.63206923;9.701305;-1.5035586
0.6895301;9.710882;-1.532289
0.79487497;9.701305;-1.3503298
0.7661445;9.691729;-1.532289
0.6607997;9.624691;-1.5801731
0.58418524;9.643845;-1.7717092
0.641646;9.586384;-1.7525556
0.8331822;9.548077;-1.5131354
0.8619126;9.595961;-1.1492168
0.7565677;9.682152;-1.0821792
0.641646;9.77792;-1.1875241
0.47884035;9.816227;-1.4652514
0.62249243;9.682152;-1.4460979
0.6512229;9.624691;-0.90979666
0.45968673;9.595961;-0.7086837
0.22984336;9.586384;-0.7757214
0.10534488;9.586384;-1.1109096
0.31603462;9.548077;-0.47884035
0.23942018;9.624691;-0.02873042
0.0;9.883265;-0.1340753
0.11492168;9.844957;-0.20111294
0.22026655;9.595961;1.0151415
-0.009576807;9.481039;1.6950948
-0.22984336;9.385271;1.8674773
-0.39264908;9.002198;1.934515
-0.24899697;8.628703;1.9919758
-0.1340753;9.002198;3.5625722
0.17238252;8.935161;3.5434184
0.16280572;8.37013;4.31914
0.076614454;7.4986396;4.2425256
0.02873042;6.981492;4.8841715
0.1340753;6.493075;6.1195793
0.18195933;6.1195793;7.441179
0.33518824;5.841852;7.6710224
0.33518824;5.410896;7.565677
0.20111294;5.046977;7.374141
0.21068975;4.55856;7.7572136
0.48841715;4.146757;9.174581
0.50757074;3.9552212;9.011775
0.5267244;3.8019924;8.504205
0.51714754;3.6104562;8.858546
0.6703765;3.2082303;9.624691
0.7661445;2.9400797;9.749189
0.4213795;2.7964275;9.509769
0.21068975;2.135628;9.394848
0.038307227;1.4939818;9.270349
-0.19153613;1.043872;8.781932
-0.49799395;1.3024458;8.762778
-0.5267244;1.5227122;9.586384
-0.31603462;1.0630256;9.816227
-0.36391866;0.7565677;9.816227
-0.6512229;0.7565677;9.653421
-1.1204864;0.6703765;9.251195
-1.13964;0.62249243;8.839393
-1.2258313;0.59376204;8.992621
-1.4173675;0.6703765;9.3182335
-1.4748282;0.62249243;9.423578
-1.4556746;0.7757214;9.270349
-1.3599066;0.7374141;9.260772
-1.3215994;0.78529817;9.088389
-1.3503298;0.6991069;9.212888
-1.340753;0.6991069;9.605537
-1.3311762;0.7278373;9.624691
-1.1492168;0.8523358;9.251195
-1.0342951;0.8714894;9.011775
-1.0821792;0.8523358;9.241618
-1.0247183;0.7469909;9.461885
-0.93852705;0.7086837;9.519346
-0.90979666;0.79487497;9.222465
-1.0151415;0.82360536;9.174581
-1.091756;0.8331822;9.126697
-1.043872;0.8810662;9.040505
-1.0534488;0.90021986;9.021352
-1.1492168;1.043872;8.935161
-0.9768343;1.1013328;9.184157
-0.89064306;1.1204864;9.002198
-0.90979666;0.9864111;9.126697
-1.1109096;1.1013328;9.203311
-1.3120226;1.1492168;9.528923
-0.9672575;1.0055647;9.423578
-0.89064306;1.0630256;9.3661175
-1.0342951;1.1300632;9.174581
-1.1683705;1.1492168;9.078813
-1.0821792;1.1971009;9.279925
-0.9959879;1.1779473;9.490616
-0.9959879;1.13964;9.414001
-0.92895025;1.1109096;9.078813
-0.90021986;1.0342951;9.088389
-0.8619126;0.9864111;9.222465
-0.79487497;1.1683705;9.222465
-0.93852705;1.2066777;9.050082
-1.0726024;1.1492168;8.973468
-0.91937345;1.292869;8.954314
-0.8714894;1.3024458;9.385271
-0.90979666;1.0151415;9.461885
-0.89064306;0.8714894;9.3661175
-0.8619126;0.79487497;9.299079
-0.92895025;0.7565677;9.471462
-1.0151415;0.7565677;9.5385
-1.043872;1.0151415;9.184157
-0.90021986;1.3599066;8.810662
-1.0055647;1.3311762;8.6574335
-1.1779473;1.3694834;9.097966
-1.3982137;1.1587936;9.232041
-1.4077905;0.9959879;9.3661175
-1.2354081;0.9768343;9.404425
-0.8810662;1.091756;9.299079
-0.6607997;1.091756;9.212888
-0.6703765;1.0342951;9.337387
-0.8619126;0.7374141;9.423578
-0.9576807;0.545878;9.471462
-0.9672575;0.61291564;9.32781
-0.9864111;0.62249243;9.030929
-1.1683705;0.7661445;9.078813
-1.1875241;0.8331822;8.992621
-1.4077905;0.47884035;10.448297
-1.091756;0.61291564;10.237606
-0.4213795;1.292869;9.615114
-0.22026655;1.7812861;8.810662
-0.2777274;1.9249382;8.475474
-0.45010993;1.9249382;8.513782
-0.49799395;1.8579005;8.916007
-0.50757074;1.6280571;9.289502
-0.29688102;1.4748282;9.212888
-0.22984336;1.4652514;9.308656
-0.24899697;1.3790601;9.662998
-0.16280572;1.2162545;9.710882
-0.038307227;1.3311762;9.682152
-0.009576807;1.4748282;9.490616
-0.15322891;1.5227122;9.356541
-0.2681506;1.5131354;9.3182335
-0.24899697;1.6280571;9.337387
-0.18195933;1.7717092;9.222465
-0.16280572;1.8770541;9.14585
-0.18195933;1.9057846;9.107543
-0.23942018;1.9249382;9.11712
-0.2681506;1.9153614;9.232041
-0.22984336;1.8962077;9.375694
-0.16280572;1.8674773;9.375694
-0.08619126;1.9728222;9.270349
-0.1340753;2.0207062;9.097966
-0.31603462;2.087744;9.030929
-0.41180268;2.0494366;9.308656
-0.25857377;2.087744;9.3182335
-0.21068975;2.078167;9.097966
-0.2681506;2.078167;9.260772
-0.35434186;2.0590134;9.337387
-0.29688102;2.1068976;9.308656
-0.21068975;2.087744;9.289502
0.10534488;2.183512;9.155427
0.12449849;2.135628;9.040505
-0.16280572;2.1260512;9.136273
-0.23942018;2.2409728;9.212888
-0.05746084;2.3080103;9.279925
-0.047884032;2.336741;9.279925
-0.02873042;2.3750482;9.059659
-0.05746084;2.4133554;8.829816
-0.10534488;2.384625;9.040505
0.019153614;2.432509;9.14585
0.2777274;2.432509;9.097966
0.50757074;2.4516625;8.992621
0.58418524;2.4612393;9.011775
0.4405331;2.4708161;9.011775
0.31603462;2.432509;9.212888
0.40222588;2.4229321;9.212888
0.37349546;2.336741;9.011775
0.46926352;2.3463178;8.992621
0.41180268;2.336741;8.954314
0.48841715;2.4516625;8.734048
0.62249243;2.4612393;8.916007
0.49799395;2.4133554;9.11712
0.47884035;2.4037786;9.136273
0.38307226;2.327164;9.107543
0.40222588;2.3654714;9.136273
0.4405331;2.3942018;9.165004
0.45010993;2.432509;9.050082
0.46926352;2.4229321;8.992621
0.4405331;2.384625;8.973468
0.39264908;2.4037786;9.069236
0.2873042;2.231396;9.394848
0.30645782;2.2601264;9.423578
0.4405331;2.327164;9.174581
0.48841715;2.4229321;8.887277
0.48841715;2.4516625;8.772355
0.37349546;2.4420857;9.011775
0.30645782;2.3942018;9.270349
0.31603462;2.3175871;9.251195
0.39264908;2.336741;9.165004
0.50757074;2.432509;9.040505
0.51714754;2.4708161;9.011775
0.46926352;2.4420857;9.251195
0.45010993;2.384625;9.232041
0.51714754;2.2697031;9.050082
0.4213795;2.1739352;8.90643
0.33518824;2.1068976;8.944737
0.22984336;2.0685902;9.078813
0.12449849;1.9728222;9.279925
0.11492168;1.8866309;9.232041
0.20111294;1.8962077;9.14585
0.17238252;1.8579005;9.11712
0.0;1.7908629;9.251195
-0.1436521;1.7238252;9.414001
-0.11492168;1.6472107;9.3661175
-0.009576807;1.6089035;9.193734
0.08619126;1.5705963;9.174581
0.05746084;1.5897499;9.232041
-0.009576807;1.5705963;9.308656
-0.009576807;1.5514427;9.375694
0.019153614;1.5514427;9.289502
0.038307227;1.5897499;9.251195
0.08619126;1.5897499;9.165004
0.11492168;1.6184803;9.212888
0.076614454;1.5610195;9.279925
0.06703765;1.532289;9.289502
0.047884032;1.4939818;9.241618
0.02873042;1.532289;9.32781
0.047884032;1.532289;9.289502
0.019153614;1.4652514;9.299079
-0.02873042;1.4556746;9.260772
-0.02873042;1.4748282;9.289502
0.047884032;1.532289;9.299079
0.076614454;1.484405;9.241618
0.076614454;1.4748282;9.14585
0.019153614;1.4748282;9.289502
0.02873042;1.4939818;9.270349
0.1436521;1.3790601;9.32781
0.32561144;1.2066777;9.576807
0.23942018;1.2449849;9.988609
0.30645782;1.2354081;10.0269165
0.81402856;1.5227122;9.787497
1.0726024;1.7812861;8.772355
0.8523358;1.8004397;7.8625584
0.2777274;1.5610195;8.456321
-0.095768064;1.043872;9.921572
-1.0342951;0.8523358;11.856087
-1.8100165;0.5746084;12.947843
-1.3503298;0.51714754;12.890382
0.02873042;0.45968673;12.488156
1.2258313;0.60333884;12.344504
1.6376339;0.12449849;12.50731
1.4077905;-0.45010993;12.248735
0.31603462;-0.36391866;12.363658
-0.08619126;0.641646;11.87524
-0.6607997;0.48841715;11.559206
-0.05746084;-0.58418524;10.371682
0.06703765;-1.2162545;9.950302
0.40222588;-1.3503298;9.595961
0.34476504;-1.3311762;8.561666
0.2681506;-1.4173675;7.1251445
-0.11492168;-1.1109096;6.4164605
-0.10534488;-0.4213795;5.7365074
0.22984336;-0.009576807;5.3247046
0.39264908;0.22026655;5.315128
-0.22984336;-0.40222588;6.1100025
-0.36391866;-0.29688102;5.056554
-0.4405331;-0.29688102;4.673482
-0.1340753;-0.51714754;4.223372
-0.4309563;-0.17238252;4.501099
-0.545878;-0.17238252;4.606444
-0.49799395;-0.33518824;5.1140146
-0.34476504;-1.0055647;5.4300494
-0.30645782;-1.2641385;5.9280434
-0.12449849;-1.5993267;6.4260373
-0.16280572;-2.0207062;7.0964136
-0.16280572;-2.3750482;8.236053
-0.34476504;-2.336741;9.299079
-0.38307226;-2.4133554;9.940725
-0.39264908;-2.6048915;10.70687
-0.8714894;-2.6719291;12.411542
-0.545878;-2.6623523;13.857639
0.1340753;-2.3654714;14.355634
0.05746084;-1.685518;14.4130945
-0.2777274;-0.9864111;14.700398
-0.29688102;-0.63206923;15.131354
-0.37349546;-0.4309563;15.974113
-0.6991069;-0.641646;16.79772
-1.3599066;-1.1971009;17.54471
-1.8579005;-1.934515;17.908628
-2.0111294;-2.480393;17.48725
-1.9249382;-2.834735;16.4338
-1.8483237;-2.7964275;14.987702
-1.7908629;-2.719813;13.474567
-1.5131354;-2.5187001;11.769896
-1.0630256;-2.2601264;9.864111
-0.9959879;-1.6567876;8.101978
-1.1683705;-1.13964;6.033388
-0.8810662;-0.545878;4.55856
-0.62249243;-0.05746084;3.2848446
-0.641646;0.4213795;2.5378537
-0.6895301;0.7757214;1.8770541
-0.5554548;1.13964;1.3215994
-0.29688102;1.4652514;1.1971009
-0.15322891;1.5514427;0.89064306
-0.019153614;1.5610195;0.90979666
-0.18195933;1.3982137;0.6991069
-0.7565677;1.2641385;1.13964
-1.388637;0.81402856;1.5514427
-1.6472107;-0.047884032;2.0685902
-1.484405;-0.8523358;2.9017725
-1.2737153;-1.292869;3.9743748
-0.78529817;-1.5993267;6.531382
0.4405331;-1.8674773;9.260772
0.5554548;-2.336741;11.3964
-0.842759;-2.2218192;14.432248
-1.5131354;-1.7812861;16.931795
-1.6759412;-1.6472107;18.23424
-1.7908629;-1.9153614;18.885464
-1.0726024;-2.633622;19.211075
0.24899697;-3.1890767;19.37388
0.9672575;-3.5913026;19.124884
0.7182605;-4.003105;18.454506
0.076614454;-4.309563;16.663643
-0.5363012;-4.2042184;13.781025
-0.89064306;-3.3614593;10.620679
-0.6799533;-2.6910827;7.920019
-0.4213795;-1.8195933;5.765238
-0.40222588;-1.2641385;4.453215
-0.50757074;-0.81402856;3.1794999
-0.21068975;-0.50757074;2.1260512
0.009576807;-0.19153613;0.47884035
0.23942018;0.19153613;-0.545878
0.7086837;0.08619126;-0.6799533
0.48841715;-0.11492168;0.15322891
0.82360536;-0.45968673;2.078167
0.61291564;-0.842759;4.7022123
0.22026655;-1.2641385;7.067683
-0.12449849;-1.9440918;9.787497
-0.5554548;-2.834735;12.727576
-1.1875241;-3.5625722;15.399506
-1.388637;-3.2082303;15.102624
-1.1204864;-2.6240451;14.374787
-0.78529817;-1.5897499;12.919112
-0.45010993;-1.388637;12.239159
0.17238252;-1.1492168;11.84651
0.46926352;-1.2354081;11.070788
0.58418524;-1.2449849;10.314221
1.1013328;-1.1300632;8.724471
0.8619126;-1.1013328;8.0924015
0.63206923;-0.6991069;8.6095495
1.1492168;-0.38307226;9.356541
0.8810662;-1.3503298;10.180145
0.94810385;-1.8770541;9.80665
1.7717092;-1.4556746;8.207323
2.2601264;-1.2066777;7.5082164
1.9153614;-0.6991069;8.121132
1.2354081;-0.34476504;10.189722
0.23942018;-0.038307227;10.745177
-0.11492168;0.019153614;10.381259
0.047884032;-0.12449849;9.174581
0.47884035;-0.047884032;8.743625
0.6991069;-0.05746084;8.762778
0.641646;0.15322891;9.500193
0.41180268;0.15322891;10.093954
-0.02873042;-0.51714754;11.195287
-0.40222588;-0.7182605;10.91756
-0.25857377;-0.7086837;10.247183
-0.15322891;-0.90979666;8.66701
0.4309563;-0.61291564;7.479486
1.1109096;-0.4309563;8.513782
1.283292;-0.24899697;9.32781
1.3503298;-0.34476504;8.494628
1.3215994;-0.39264908;7.97748
1.0342951;-0.076614454;9.097966
0.36391866;0.038307227;10.697293
-0.076614454;0.076614454;10.726024
-0.009576807;-0.10534488;9.854534
-0.20111294;0.11492168;9.32781
-0.19153613;0.48841715;9.069236
0.17238252;0.49799395;9.212888
0.2873042;0.21068975;9.337387
-0.6607997;0.095768064;9.11712
-1.7238252;0.45968673;8.647857
-1.8579005;0.6799533;8.619126
-1.5897499;0.59376204;8.236053
-1.2641385;-0.41180268;8.686164
-0.9959879;-0.78529817;8.197746
-0.60333884;-0.7278373;8.159439
-1.7621324;-0.10534488;8.331821
-2.4708161;0.11492168;8.408437
-3.169923;-0.31603462;9.260772
-3.083732;0.18195933;10.093954
-3.2752678;1.6759412;9.643845
-3.7924154;1.3694834;9.471462
-2.920926;0.81402856;9.212888
0.02873042;0.641646;8.90643
-0.35434186;0.842759;9.720459
-2.1643584;1.5801731;8.925584
-3.8498764;1.3311762;8.7053175
-4.7788267;1.1683705;9.289502
-4.4723687;1.532289;9.442732
-3.1603463;2.1164744;9.835381
-2.6910827;2.777274;10.342952
-1.934515;2.4037786;10.67814
-2.231396;1.7908629;10.228029
-2.815581;1.2066777;10.237606
-2.7102363;0.6799533;10.716447
-3.323152;0.21068975;10.927136
-3.7253778;-0.30645782;10.812215
-4.0318356;-0.36391866;10.726024
-3.5434184;-0.1436521;10.783484
-3.2082303;0.36391866;10.649409
-2.7868507;1.541866;9.739613
-2.2888567;2.4037786;8.360553
-2.0111294;3.4476504;6.5026517
-1.5131354;3.9552212;3.8019924
-1.8962077;6.081272;-0.9959879
-0.8714894;8.283937;-8.054094
2.6623523;7.73806;-13.790602
8.820239;4.0701427;-16.663643
12.5743475;-0.9959879;-16.395493
9.854534;-3.466804;-4.367024
-2.0494366;-9.260772;7.5848308
-10.793061;-4.003105;13.560759
-13.397953;-0.08619126;16.548721
-9.835381;0.20111294;18.042704
-3.3997664;-0.019153614;16.778566
0.7374141;0.29688102;14.518439
1.8579005;0.2777274;12.593501
1.0821792;-0.22026655;11.932701
-0.8331822;0.4213795;11.990162
-1.685518;0.842759;11.233594
-0.50757074;0.90021986;11.061212
-0.2681506;1.0630256;10.275913
-0.5650316;0.7086837;8.90643
-0.842759;0.63206923;7.7572136
-0.38307226;0.6799533;6.646304
0.34476504;0.8331822;5.7843914
0.2777274;1.3024458;5.391742
-0.21068975;1.6950948;5.659893
-0.49799395;1.9632454;6.1195793
-0.59376204;2.2122424;6.483498
-0.2873042;2.231396;6.742072
0.18195933;2.4037786;6.7803793
0.63206923;2.4612393;6.5984197
0.9768343;2.7389667;6.253655
1.3790601;2.72939;5.985504
1.8674773;2.4995465;6.14831
2.0590134;2.3750482;6.847417
2.135628;2.480393;7.6614456
1.8770541;2.882619;7.632715
1.532289;2.5378537;7.967903
1.043872;2.384625;8.073248
1.1300632;2.0398598;8.446744
1.5993267;1.8387469;9.059659
1.9632454;1.9153614;9.950302
2.2026656;2.231396;10.611102
1.9249382;2.2601264;11.195287
1.8579005;1.9249382;11.310209
1.9249382;1.9919758;11.195287
1.733402;1.8483237;10.46745
1.5610195;1.9632454;10.371682
1.4652514;1.8962077;10.812215
1.3120226;1.4173675;12.172121
1.4269443;1.9728222;13.867216
1.4556746;3.1124623;14.920665
1.0726024;3.5625722;13.64695
0.81402856;2.9975405;10.802638
1.4939818;2.1164744;7.2209125
2.8921957;1.0342951;0.6512229
4.185065;-1.1013328;-7.335834
4.2521024;-5.449203;-12.5264635
4.1180267;-8.532935;-11.9614315
3.9073372;-8.226477;-6.2632318
3.7445314;-4.0414124;4.10845
1.0055647;-0.49799395;11.827356
-3.3423057;4.185065;15.68681
-4.5202527;9.56723;17.611748
-3.3614593;9.3661175;18.579004
-1.3982137;5.6407394;17.927782
-0.038307227;2.5378537;14.595054
0.8331822;0.41180268;10.91756
1.1875241;-0.61291564;8.0445175
1.1779473;-0.82360536;6.033388
1.340753;-0.89064306;4.9703627
0.8523358;-0.2873042;4.271256
0.25857377;0.37349546;4.4819455
-0.37349546;0.82360536;5.2002063
-0.9576807;1.2258313;5.861006
-1.1300632;1.4939818;6.655881
-0.94810385;1.6376339;7.52737
-0.5267244;1.733402;8.101978
-0.22984336;1.8100165;8.781932
0.019153614;1.8483237;9.442732
0.30645782;1.7717092;9.902418
0.37349546;1.6663644;9.902418
0.47884035;1.3120226;9.519346
0.62249243;1.0534488;9.174581
0.7182605;0.93852705;9.050082
0.7469909;1.043872;9.002198
0.93852705;1.1971009;9.203311
1.1875241;1.5705963;9.528923
1.2066777;1.6950948;9.605537
1.1779473;1.4748282;9.701305
1.0151415;1.3311762;9.911995
0.8523358;1.4173675;10.218452
0.6703765;1.4173675;10.381259
0.545878;1.13964;10.534488
0.50757074;1.1013328;10.67814
0.32561144;1.2258313;10.94629
0.19153613;1.388637;11.281479
-0.20111294;1.3982137;11.089942
-0.842759;1.3024458;10.668563
-1.7046716;1.0151415;9.940725
-2.528277;0.80445176;9.691729
-2.585738;0.8331822;9.701305
-1.7046716;1.4173675;9.682152
-0.61291564;2.135628;9.059659
-0.22984336;2.3175871;8.7532015
-0.019153614;1.7717092;8.561666
-0.5746084;1.1492168;8.446744
-1.1492168;1.091756;8.714894
-1.1109096;0.8810662;9.14585
-1.0151415;1.043872;9.155427
-1.1109096;0.8619126;8.734048
-0.9768343;0.5746084;8.197746
-0.89064306;0.019153614;7.929596
-0.90021986;0.15322891;8.24563
-1.2545617;0.41180268;8.197746
-1.6472107;0.6991069;8.6574335
-1.7142484;0.8714894;8.916007
-1.532289;0.6799533;8.973468
-1.541866;0.48841715;8.896853
-1.9919758;0.5746084;8.781932
-2.4612393;0.94810385;8.686164
-2.6431987;1.043872;8.916007
-2.5091233;0.79487497;8.743625
-2.0494366;0.47884035;8.992621
-2.0590134;1.4173675;8.66701
-2.030283;1.2066777;9.3661175
-2.7868507;1.2737153;9.490616
-3.4572272;1.5801731;9.739613
-3.3423057;1.532289;9.701305
-2.930503;1.5227122;9.624691
-2.8634653;1.3503298;9.653421
-3.169923;1.3503298;10.400413
-3.1890767;1.1875241;10.860099
-2.9975405;0.5746084;11.099519
-2.7389667;0.37349546;11.089942
-2.135628;0.5650316;11.099519
-1.5897499;0.9576807;11.051635
-0.81402856;0.8331822;10.333375
-0.6512229;0.91937345;9.77792
-0.59376204;1.1204864;9.414001
-0.46926352;1.2354081;9.040505
-0.51714754;0.94810385;8.810662
-0.7278373;0.45968673;8.944737
-0.8619126;0.51714754;9.059659
-0.8331822;0.7278373;9.232041
-0.9576807;0.90021986;9.308656
-0.90021986;0.89064306;8.868123
-0.6991069;0.50757074;8.39886
-0.48841715;0.29688102;8.034941
-0.545878;0.12449849;8.465898
-1.0630256;0.35434186;9.375694
-1.4652514;0.61291564;10.237606
-1.3982137;0.34476504;10.390836
-1.2162545;0.33518824;9.653421
-1.1013328;0.58418524;8.925584
-0.7278373;0.93852705;8.820239
-0.37349546;1.2162545;9.471462
-0.38307226;1.3599066;8.255207
-0.2681506;0.9959879;7.431602
-0.33518824;0.7757214;7.97748
-0.63206923;0.62249243;8.159439
-0.8331822;0.6512229;8.360553
-0.90979666;0.92895025;8.2169
-1.0247183;1.0821792;7.8050976
-1.3215994;1.1587936;7.632715
-1.8866309;1.0247183;7.8050976
-2.231396;0.80445176;7.9391727
-2.4037786;0.7086837;8.24563
-2.777274;1.0726024;9.576807
-2.7868507;1.6950948;10.362105
-2.6623523;1.6950948;10.601525
-2.2601264;1.982399;10.955867
-2.2888567;1.8195933;11.568783
-1.532289;1.6567876;10.093954
-1.1300632;2.0590134;9.002198
-0.82360536;2.6910827;8.954314
-0.8714894;3.323152;9.5385
-1.1587936;3.7541082;9.528923
-0.79487497;4.0318356;8.858546
0.0;4.912902;9.212888
0.4309563;5.4683566;8.772355
0.10534488;5.2289367;7.9966335
-0.40222588;5.5258174;8.0924015
-0.47884035;5.889736;7.019799
-0.22984336;5.8801594;5.506664
0.29688102;6.579266;4.855441
0.8810662;7.4603324;4.012682
1.0247183;7.7667904;2.930503
0.81402856;8.331821;2.0111294
0.34476504;8.992621;1.7812861
0.30645782;9.528923;1.3120226
0.8810662;9.605537;0.8331822
0.8523358;8.858546;1.2066777
0.60333884;9.097966;-0.24899697
0.5363012;9.279925;-1.3311762
0.2777274;8.973468;-1.8483237
0.10534488;9.069236;-1.8962077
0.12449849;8.781932;-2.1643584
0.076614454;8.465898;-2.6144683
0.038307227;8.379706;-3.083732
0.02873042;8.619126;-3.4093432
0.22026655;9.021352;-3.074155
0.11492168;9.021352;-2.0207062
0.10534488;9.279925;-1.0821792
-0.02873042;9.423578;-0.34476504
-0.49799395;8.542512;1.9919758
-0.47884035;9.414001;1.8004397
-0.6895301;9.662998;1.2162545
-0.6703765;9.595961;2.0590134
-0.91937345;10.25676;2.5091233
-1.1587936;9.902418;3.2273839
-1.2449849;8.954314;3.5434184
-1.4939818;8.418014;4.0892963
-1.685518;8.475474;4.3287168
-1.6280571;8.896853;3.821146
-1.3024458;9.576807;2.6719291
-0.9864111;9.730036;2.6144683
-0.9576807;9.011775;4.8841715
-1.0055647;8.207323;7.1347213
-0.7661445;8.2169;9.433155
-0.6799533;9.394848;9.595961
-1.1875241;10.141838;8.360553
-1.8004397;8.925584;6.167464
-0.33518824;5.9184666;5.142745
-0.076614454;5.7748146;5.8322754
-0.5746084;5.2768207;6.9719152
-0.9864111;4.6255975;8.207323
-1.0726024;3.514688;7.881712
-0.6607997;3.0071173;7.07726
-0.4309563;3.5051112;7.192182
-0.18195933;4.453215;7.73806
-0.25857377;5.21936;8.197746
-0.24899697;5.755661;8.207323
-0.24899697;5.9663506;7.2209125
-0.6512229;6.1866174;6.5696893
-1.2449849;6.789956;6.6846113
-1.5610195;7.28795;6.291962
-1.8195933;7.3549876;5.6120086
-1.7429788;7.929596;5.171476
-1.8004397;8.992621;4.3382936
-2.0111294;10.0269165;3.7253778
-1.982399;11.022904;3.2848446
-1.6567876;11.999739;2.9113493
-1.982399;11.166556;2.4612393
-2.1164744;9.634268;-0.038307227
-1.043872;10.716447;-1.484405
-0.5746084;11.013328;-0.5746084
-1.2449849;9.902418;-0.90979666
-1.8579005;8.360553;-3.1890767
-1.6089035;7.8529816;-4.185065
-0.78529817;8.379706;-3.6966474
-0.2873042;8.456321;-3.821146
0.20111294;8.408437;-3.3806129
0.38307226;8.1402855;-3.620033
0.19153613;7.8912888;-5.4683566
0.076614454;7.7572136;-6.8282633
0.46926352;7.9870567;-6.703765
1.1683705;8.695741;-5.3247046
1.4269443;8.973468;-4.2999864
1.5035586;8.829816;-3.1603463
1.0821792;8.848969;-2.183512
0.047884032;8.781932;-3.2369606
0.49799395;8.829816;-4.1659107
1.6663644;8.226477;-4.4340615
1.7046716;7.2592196;-4.951209
1.8579005;7.8625584;-4.31914
1.6376339;9.653421;-4.501099
2.3558946;10.266336;-5.257667
3.41892;9.682152;-4.654328
4.1180267;8.24563;-3.371036
3.9839516;7.07726;-1.6759412
3.1316159;8.082825;0.08619126
2.7868507;9.078813;-0.4213795
3.2848446;8.944737;-0.7374141
3.169923;8.408437;-1.9632454
2.8538885;7.8625584;-1.934515
2.815581;7.6231384;0.2873042
3.265691;7.642292;1.9153614
8.37013;9.557653;1.6950948
7.97748;8.896853;-0.4309563
7.441179;7.5465236;0.5650316
6.5122285;6.5122285;1.0630256
6.655881;5.6982;1.1109096
7.479486;4.2425256;2.27928
